-200.000000 17.278760 0.000000
-199.000000 17.278760 0.000000
-198.000000 17.278760 0.000000
-197.000000 17.278760 0.000000
-196.000000 17.278760 0.000000
-195.000000 17.278760 0.000000
-194.000000 17.278760 0.000000
-193.000000 17.278760 0.000000
-192.000000 17.278760 0.000000
-191.000000 17.278760 0.000000
-190.000000 17.278760 0.000000
-189.000000 17.278760 0.000000
-188.000000 17.278760 0.000000
-187.000000 17.278760 0.000000
-186.000000 17.278760 0.000000
-185.000000 17.278760 0.000000
-184.000000 17.278760 0.000000
-183.000000 17.278760 0.000000
-182.000000 17.278760 0.000000
-181.000000 17.278760 0.000000
-180.000000 17.278760 0.000000
-179.000000 17.278760 0.000000
-178.000000 17.278760 0.000000
-177.000000 17.278760 0.000000
-176.000000 17.278760 0.000000
-175.000000 17.278760 0.000000
-174.000000 17.278760 0.000000
-173.000000 17.278760 0.000000
-172.000000 17.278760 0.000000
-171.000000 17.278760 0.000000
-170.000000 17.278760 0.000000
-169.000000 17.278760 0.000000
-168.000000 17.278760 0.000000
-167.000000 17.278760 0.000000
-166.000000 17.278760 0.000000
-165.000000 17.278760 0.000000
-164.000000 17.278760 0.000000
-163.000000 17.278760 0.000000
-162.000000 17.278760 0.000000
-161.000000 17.278760 0.000000
-160.000000 17.278760 0.000000
-159.000000 17.278760 0.000000
-158.000000 17.278760 0.000000
-157.000000 17.278760 0.000000
-156.000000 17.278760 0.000000
-155.000000 17.278760 0.000000
-154.000000 17.278760 0.000000
-153.000000 17.278760 0.000000
-152.000000 17.278760 0.000000
-151.000000 17.278760 0.000000
-150.000000 17.278760 0.000000
-149.000000 17.278760 0.000000
-148.000000 17.278760 0.000000
-147.000000 17.278760 0.000000
-146.000000 17.278760 0.000000
-145.000000 17.278760 0.000000
-144.000000 17.278760 0.000000
-143.000000 17.278760 0.000000
-142.000000 17.278760 0.000000
-141.000000 17.278760 0.000000
-140.000000 17.278760 0.000000
-139.000000 17.278760 0.000000
-138.000000 17.278760 0.000000
-137.000000 17.278760 0.000000
-136.000000 17.278760 0.000000
-135.000000 17.278760 0.000000
-134.000000 17.278760 0.000000
-133.000000 17.278760 0.000000
-132.000000 17.278760 0.000000
-131.000000 17.278760 0.000000
-130.000000 17.278760 0.000000
-129.000000 17.278760 0.000000
-128.000000 17.278760 0.000000
-127.000000 17.278760 0.000000
-126.000000 17.278760 0.000000
-125.000000 17.278760 0.000000
-124.000000 17.278760 0.000000
-123.000000 17.278760 0.000000
-122.000000 17.278760 0.000000
-121.000000 17.278760 0.000000
-120.000000 17.278760 0.000000
-119.000000 17.278760 0.000000
-118.000000 17.278760 0.000000
-117.000000 17.278760 0.000000
-116.000000 17.278760 0.000000
-115.000000 17.278760 0.000000
-114.000000 17.278760 0.000000
-113.000000 17.278760 0.000000
-112.000000 17.278760 0.000000
-111.000000 17.278760 0.000000
-110.000000 17.278760 0.000000
-109.000000 17.278760 0.000000
-108.000000 17.278760 0.000000
-107.000000 17.278760 0.000000
-106.000000 17.278760 0.000000
-105.000000 17.278760 0.000000
-104.000000 17.278760 0.000000
-103.000000 17.278760 0.000000
-102.000000 17.278760 0.000000
-101.000000 17.278760 0.000000
-100.000000 17.278760 0.000000
-99.000000 17.278760 0.000000
-98.000000 17.278760 0.000000
-97.000000 17.278760 0.000000
-96.000000 17.278760 0.000000
-95.000000 17.278760 0.000000
-94.000000 17.278760 0.000000
-93.000000 17.278760 0.000000
-92.000000 17.278760 0.000000
-91.000000 17.278760 0.000000
-90.000000 17.278760 0.000000
-89.000000 17.278760 0.000000
-88.000000 17.278760 0.000000
-87.000000 17.278760 0.000000
-86.000000 17.278760 0.000000
-85.000000 17.278760 0.000000
-84.000000 17.278760 0.000000
-83.000000 17.278760 0.000000
-82.000000 17.278760 0.000000
-81.000000 17.278760 0.000000
-80.000000 17.278760 0.000000
-79.000000 17.278760 0.000000
-78.000000 17.278760 0.000000
-77.000000 17.278760 0.000000
-76.000000 17.278760 0.000000
-75.000000 17.278760 0.000000
-74.000000 17.278760 0.000000
-73.000000 17.278760 0.000000
-72.000000 17.278760 0.000000
-71.000000 17.278760 0.000000
-70.000000 17.278760 0.000000
-69.000000 17.278760 0.000000
-68.000000 17.278760 0.000000
-67.000000 17.278760 0.000000
-66.000000 17.278760 0.000000
-65.000000 17.278760 0.000000
-64.000000 17.278760 0.000000
-63.000000 17.278760 0.000000
-62.000000 17.278760 0.000000
-61.000000 17.278760 0.000000
-60.000000 17.278760 0.000000
-59.000000 17.278760 0.000000
-58.000000 17.278760 0.000000
-57.000000 17.278760 0.000000
-56.000000 17.278760 0.000000
-55.000000 17.278760 0.000000
-54.000000 17.278760 0.000000
-53.000000 17.278760 0.000000
-52.000000 17.278760 0.000000
-51.000000 17.278760 0.000000
-50.000000 17.278760 0.000000
-49.000000 17.278760 0.000000
-48.000000 17.278760 0.000000
-47.000000 17.278760 0.000000
-46.000000 17.278760 0.000000
-45.000000 17.278760 0.000000
-44.000000 17.278760 0.000000
-43.000000 17.278760 0.000000
-42.000000 17.278760 0.000001
-41.000000 17.278760 0.000012
-40.000000 17.278760 0.000154
-39.000000 17.278760 0.001428
-38.000000 17.278760 0.008951
-37.000000 17.278760 0.035282
-36.000000 17.278760 0.079552
-35.000000 17.278760 0.097856
-34.000000 17.278760 0.101806
-33.000000 17.278760 0.128186
-32.000000 17.278760 0.128148
-31.000000 17.278760 0.152147
-30.000000 17.278760 0.157493
-29.000000 17.278760 0.164363
-28.000000 17.278760 0.183945
-27.000000 17.278760 0.190707
-26.000000 17.278760 0.190908
-25.000000 17.278760 0.202389
-24.000000 17.278760 0.221296
-23.000000 17.278760 0.238839
-22.000000 17.278760 0.253993
-21.000000 17.278760 0.265913
-20.000000 17.278760 0.275299
-19.000000 17.278760 0.289513
-18.000000 17.278760 0.304774
-17.000000 17.278760 0.320311
-16.000000 17.278760 0.340818
-15.000000 17.278760 0.350013
-14.000000 17.278760 0.352208
-13.000000 17.278760 0.359296
-12.000000 17.278760 0.378959
-11.000000 17.278760 0.383981
-10.000000 17.278760 0.388122
-9.000000 17.278760 0.412399
-8.000000 17.278760 0.413644
-7.000000 17.278760 0.445457
-6.000000 17.278760 0.442080
-5.000000 17.278760 0.458257
-4.000000 17.278760 0.503942
-3.000000 17.278760 0.534440
-2.000000 17.278760 0.539513
-1.000000 17.278760 0.542452
0.000000 17.278760 0.537815
1.000000 17.278760 0.539554
2.000000 17.278760 0.535913
3.000000 17.278760 0.507508
4.000000 17.278760 0.463898
5.000000 17.278760 0.445774
6.000000 17.278760 0.437514
7.000000 17.278760 0.409502
8.000000 17.278760 0.410646
9.000000 17.278760 0.389244
10.000000 17.278760 0.385154
11.000000 17.278760 0.374957
12.000000 17.278760 0.356954
13.000000 17.278760 0.349991
14.000000 17.278760 0.350686
15.000000 17.278760 0.337985
16.000000 17.278760 0.319493
17.000000 17.278760 0.305006
18.000000 17.278760 0.287302
19.000000 17.278760 0.275548
20.000000 17.278760 0.261034
21.000000 17.278760 0.253613
22.000000 17.278760 0.239313
23.000000 17.278760 0.222724
24.000000 17.278760 0.203306
25.000000 17.278760 0.193797
26.000000 17.278760 0.191434
27.000000 17.278760 0.182876
28.000000 17.278760 0.164290
29.000000 17.278760 0.157202
30.000000 17.278760 0.149955
31.000000 17.278760 0.127070
32.000000 17.278760 0.128363
33.000000 17.278760 0.101360
34.000000 17.278760 0.096906
35.000000 17.278760 0.078631
36.000000 17.278760 0.034847
37.000000 17.278760 0.008837
38.000000 17.278760 0.001409
39.000000 17.278760 0.000152
40.000000 17.278760 0.000012
41.000000 17.278760 0.000001
42.000000 17.278760 0.000000
43.000000 17.278760 0.000000
44.000000 17.278760 0.000000
45.000000 17.278760 0.000000
46.000000 17.278760 0.000000
47.000000 17.278760 0.000000
48.000000 17.278760 0.000000
49.000000 17.278760 0.000000
50.000000 17.278760 0.000000
51.000000 17.278760 0.000000
52.000000 17.278760 0.000000
53.000000 17.278760 0.000000
54.000000 17.278760 0.000000
55.000000 17.278760 0.000000
56.000000 17.278760 0.000000
57.000000 17.278760 0.000000
58.000000 17.278760 0.000000
59.000000 17.278760 0.000000
60.000000 17.278760 0.000000
61.000000 17.278760 0.000000
62.000000 17.278760 0.000000
63.000000 17.278760 0.000000
64.000000 17.278760 0.000000
65.000000 17.278760 0.000000
66.000000 17.278760 0.000000
67.000000 17.278760 0.000000
68.000000 17.278760 0.000000
69.000000 17.278760 0.000000
70.000000 17.278760 0.000000
71.000000 17.278760 0.000000
72.000000 17.278760 0.000000
73.000000 17.278760 0.000000
74.000000 17.278760 0.000000
75.000000 17.278760 0.000000
76.000000 17.278760 0.000000
77.000000 17.278760 0.000000
78.000000 17.278760 0.000000
79.000000 17.278760 0.000000
80.000000 17.278760 0.000000
81.000000 17.278760 0.000000
82.000000 17.278760 0.000000
83.000000 17.278760 0.000000
84.000000 17.278760 0.000000
85.000000 17.278760 0.000000
86.000000 17.278760 0.000000
87.000000 17.278760 0.000000
88.000000 17.278760 0.000000
89.000000 17.278760 0.000000
90.000000 17.278760 0.000000
91.000000 17.278760 0.000000
92.000000 17.278760 0.000000
93.000000 17.278760 0.000000
94.000000 17.278760 0.000000
95.000000 17.278760 0.000000
96.000000 17.278760 0.000000
97.000000 17.278760 0.000000
98.000000 17.278760 0.000000
99.000000 17.278760 0.000000
100.000000 17.278760 0.000000
101.000000 17.278760 0.000000
102.000000 17.278760 0.000000
103.000000 17.278760 0.000000
104.000000 17.278760 0.000000
105.000000 17.278760 0.000000
106.000000 17.278760 0.000000
107.000000 17.278760 0.000000
108.000000 17.278760 0.000000
109.000000 17.278760 0.000000
110.000000 17.278760 0.000000
111.000000 17.278760 0.000000
112.000000 17.278760 0.000000
113.000000 17.278760 0.000000
114.000000 17.278760 0.000000
115.000000 17.278760 0.000000
116.000000 17.278760 0.000000
117.000000 17.278760 0.000000
118.000000 17.278760 0.000000
119.000000 17.278760 0.000000
120.000000 17.278760 0.000000
121.000000 17.278760 0.000000
122.000000 17.278760 0.000000
123.000000 17.278760 0.000000
124.000000 17.278760 0.000000
125.000000 17.278760 0.000000
126.000000 17.278760 0.000000
127.000000 17.278760 0.000000
128.000000 17.278760 0.000000
129.000000 17.278760 0.000000
130.000000 17.278760 0.000000
131.000000 17.278760 0.000000
132.000000 17.278760 0.000000
133.000000 17.278760 0.000000
134.000000 17.278760 0.000000
135.000000 17.278760 0.000000
136.000000 17.278760 0.000000
137.000000 17.278760 0.000000
138.000000 17.278760 0.000000
139.000000 17.278760 0.000000
140.000000 17.278760 0.000000
141.000000 17.278760 0.000000
142.000000 17.278760 0.000000
143.000000 17.278760 0.000000
144.000000 17.278760 0.000000
145.000000 17.278760 0.000000
146.000000 17.278760 0.000000
147.000000 17.278760 0.000000
148.000000 17.278760 0.000000
149.000000 17.278760 0.000000
150.000000 17.278760 0.000000
151.000000 17.278760 0.000000
152.000000 17.278760 0.000000
153.000000 17.278760 0.000000
154.000000 17.278760 0.000000
155.000000 17.278760 0.000000
156.000000 17.278760 0.000000
157.000000 17.278760 0.000000
158.000000 17.278760 0.000000
159.000000 17.278760 0.000000
160.000000 17.278760 0.000000
161.000000 17.278760 0.000000
162.000000 17.278760 0.000000
163.000000 17.278760 0.000000
164.000000 17.278760 0.000000
165.000000 17.278760 0.000000
166.000000 17.278760 0.000000
167.000000 17.278760 0.000000
168.000000 17.278760 0.000000
169.000000 17.278760 0.000000
170.000000 17.278760 0.000000
171.000000 17.278760 0.000000
172.000000 17.278760 0.000000
173.000000 17.278760 0.000000
174.000000 17.278760 0.000000
175.000000 17.278760 0.000000
176.000000 17.278760 0.000000
177.000000 17.278760 0.000000
178.000000 17.278760 0.000000
179.000000 17.278760 0.000000
180.000000 17.278760 0.000000
181.000000 17.278760 0.000000
182.000000 17.278760 0.000000
183.000000 17.278760 0.000000
184.000000 17.278760 0.000000
185.000000 17.278760 0.000000
186.000000 17.278760 0.000000
187.000000 17.278760 0.000000
188.000000 17.278760 0.000000
189.000000 17.278760 0.000000
190.000000 17.278760 0.000000
191.000000 17.278760 0.000000
192.000000 17.278760 0.000000
193.000000 17.278760 0.000000
194.000000 17.278760 0.000000
195.000000 17.278760 0.000000
196.000000 17.278760 0.000000
197.000000 17.278760 0.000000
198.000000 17.278760 0.000000
199.000000 17.278760 0.000000
200.000000 17.278760 0.000000
