-200.000000 18.849556 0.000000
-199.000000 18.849556 0.000000
-198.000000 18.849556 0.000000
-197.000000 18.849556 0.000000
-196.000000 18.849556 0.000000
-195.000000 18.849556 0.000000
-194.000000 18.849556 0.000000
-193.000000 18.849556 0.000000
-192.000000 18.849556 0.000000
-191.000000 18.849556 0.000000
-190.000000 18.849556 0.000000
-189.000000 18.849556 0.000000
-188.000000 18.849556 0.000000
-187.000000 18.849556 0.000000
-186.000000 18.849556 0.000000
-185.000000 18.849556 0.000000
-184.000000 18.849556 0.000000
-183.000000 18.849556 0.000000
-182.000000 18.849556 0.000000
-181.000000 18.849556 0.000000
-180.000000 18.849556 0.000000
-179.000000 18.849556 0.000000
-178.000000 18.849556 0.000000
-177.000000 18.849556 0.000000
-176.000000 18.849556 0.000000
-175.000000 18.849556 0.000000
-174.000000 18.849556 0.000000
-173.000000 18.849556 0.000000
-172.000000 18.849556 0.000000
-171.000000 18.849556 0.000000
-170.000000 18.849556 0.000000
-169.000000 18.849556 0.000000
-168.000000 18.849556 0.000000
-167.000000 18.849556 0.000000
-166.000000 18.849556 0.000000
-165.000000 18.849556 0.000000
-164.000000 18.849556 0.000000
-163.000000 18.849556 0.000000
-162.000000 18.849556 0.000000
-161.000000 18.849556 0.000000
-160.000000 18.849556 0.000000
-159.000000 18.849556 0.000000
-158.000000 18.849556 0.000000
-157.000000 18.849556 0.000000
-156.000000 18.849556 0.000000
-155.000000 18.849556 0.000000
-154.000000 18.849556 0.000000
-153.000000 18.849556 0.000000
-152.000000 18.849556 0.000000
-151.000000 18.849556 0.000000
-150.000000 18.849556 0.000000
-149.000000 18.849556 0.000000
-148.000000 18.849556 0.000000
-147.000000 18.849556 0.000000
-146.000000 18.849556 0.000000
-145.000000 18.849556 0.000000
-144.000000 18.849556 0.000000
-143.000000 18.849556 0.000000
-142.000000 18.849556 0.000000
-141.000000 18.849556 0.000000
-140.000000 18.849556 0.000000
-139.000000 18.849556 0.000000
-138.000000 18.849556 0.000000
-137.000000 18.849556 0.000000
-136.000000 18.849556 0.000000
-135.000000 18.849556 0.000000
-134.000000 18.849556 0.000000
-133.000000 18.849556 0.000000
-132.000000 18.849556 0.000000
-131.000000 18.849556 0.000000
-130.000000 18.849556 0.000000
-129.000000 18.849556 0.000000
-128.000000 18.849556 0.000000
-127.000000 18.849556 0.000000
-126.000000 18.849556 0.000000
-125.000000 18.849556 0.000000
-124.000000 18.849556 0.000000
-123.000000 18.849556 0.000000
-122.000000 18.849556 0.000000
-121.000000 18.849556 0.000000
-120.000000 18.849556 0.000000
-119.000000 18.849556 0.000000
-118.000000 18.849556 0.000000
-117.000000 18.849556 0.000000
-116.000000 18.849556 0.000000
-115.000000 18.849556 0.000000
-114.000000 18.849556 0.000000
-113.000000 18.849556 0.000000
-112.000000 18.849556 0.000000
-111.000000 18.849556 0.000000
-110.000000 18.849556 0.000000
-109.000000 18.849556 0.000000
-108.000000 18.849556 0.000000
-107.000000 18.849556 0.000000
-106.000000 18.849556 0.000000
-105.000000 18.849556 0.000000
-104.000000 18.849556 0.000000
-103.000000 18.849556 0.000000
-102.000000 18.849556 0.000000
-101.000000 18.849556 0.000000
-100.000000 18.849556 0.000000
-99.000000 18.849556 0.000000
-98.000000 18.849556 0.000000
-97.000000 18.849556 0.000000
-96.000000 18.849556 0.000000
-95.000000 18.849556 0.000000
-94.000000 18.849556 0.000000
-93.000000 18.849556 0.000000
-92.000000 18.849556 0.000000
-91.000000 18.849556 0.000000
-90.000000 18.849556 0.000000
-89.000000 18.849556 0.000000
-88.000000 18.849556 0.000000
-87.000000 18.849556 0.000000
-86.000000 18.849556 0.000000
-85.000000 18.849556 0.000000
-84.000000 18.849556 0.000000
-83.000000 18.849556 0.000000
-82.000000 18.849556 0.000000
-81.000000 18.849556 0.000000
-80.000000 18.849556 0.000000
-79.000000 18.849556 0.000000
-78.000000 18.849556 0.000000
-77.000000 18.849556 0.000000
-76.000000 18.849556 0.000000
-75.000000 18.849556 0.000000
-74.000000 18.849556 0.000000
-73.000000 18.849556 0.000000
-72.000000 18.849556 0.000000
-71.000000 18.849556 0.000000
-70.000000 18.849556 0.000000
-69.000000 18.849556 0.000000
-68.000000 18.849556 0.000000
-67.000000 18.849556 0.000000
-66.000000 18.849556 0.000000
-65.000000 18.849556 0.000000
-64.000000 18.849556 0.000000
-63.000000 18.849556 0.000000
-62.000000 18.849556 0.000000
-61.000000 18.849556 0.000000
-60.000000 18.849556 0.000000
-59.000000 18.849556 0.000000
-58.000000 18.849556 0.000000
-57.000000 18.849556 0.000000
-56.000000 18.849556 0.000000
-55.000000 18.849556 0.000000
-54.000000 18.849556 0.000000
-53.000000 18.849556 0.000000
-52.000000 18.849556 0.000000
-51.000000 18.849556 0.000000
-50.000000 18.849556 0.000000
-49.000000 18.849556 0.000000
-48.000000 18.849556 0.000000
-47.000000 18.849556 0.000000
-46.000000 18.849556 0.000000
-45.000000 18.849556 0.000000
-44.000000 18.849556 0.000000
-43.000000 18.849556 0.000005
-42.000000 18.849556 0.000063
-41.000000 18.849556 0.000623
-40.000000 18.849556 0.004333
-39.000000 18.849556 0.020025
-38.000000 18.849556 0.056943
-37.000000 18.849556 0.091664
-36.000000 18.849556 0.093284
-35.000000 18.849556 0.112013
-34.000000 18.849556 0.123265
-33.000000 18.849556 0.135695
-32.000000 18.849556 0.144859
-31.000000 18.849556 0.161520
-30.000000 18.849556 0.161072
-29.000000 18.849556 0.174330
-28.000000 18.849556 0.191830
-27.000000 18.849556 0.192511
-26.000000 18.849556 0.196270
-25.000000 18.849556 0.207754
-24.000000 18.849556 0.225712
-23.000000 18.849556 0.241071
-22.000000 18.849556 0.254855
-21.000000 18.849556 0.263815
-20.000000 18.849556 0.276325
-19.000000 18.849556 0.285418
-18.000000 18.849556 0.300146
-17.000000 18.849556 0.317835
-16.000000 18.849556 0.332983
-15.000000 18.849556 0.344720
-14.000000 18.849556 0.348722
-13.000000 18.849556 0.350283
-12.000000 18.849556 0.365485
-11.000000 18.849556 0.379046
-10.000000 18.849556 0.375535
-9.000000 18.849556 0.396407
-8.000000 18.849556 0.406260
-7.000000 18.849556 0.419152
-6.000000 18.849556 0.427470
-5.000000 18.849556 0.440633
-4.000000 18.849556 0.445339
-3.000000 18.849556 0.480425
-2.000000 18.849556 0.518634
-1.000000 18.849556 0.535435
0.000000 18.849556 0.531518
1.000000 18.849556 0.522498
2.000000 18.849556 0.483321
3.000000 18.849556 0.448420
4.000000 18.849556 0.449400
5.000000 18.849556 0.429484
6.000000 18.849556 0.415587
7.000000 18.849556 0.399949
8.000000 18.849556 0.392630
9.000000 18.849556 0.377622
10.000000 18.849556 0.377450
11.000000 18.849556 0.365041
12.000000 18.849556 0.346761
13.000000 18.849556 0.346275
14.000000 18.849556 0.343502
15.000000 18.849556 0.333746
16.000000 18.849556 0.315677
17.000000 18.849556 0.297590
18.000000 18.849556 0.285602
19.000000 18.849556 0.274232
20.000000 18.849556 0.264401
21.000000 18.849556 0.250633
22.000000 18.849556 0.241985
23.000000 18.849556 0.224553
24.000000 18.849556 0.208297
25.000000 18.849556 0.197867
26.000000 18.849556 0.195906
27.000000 18.849556 0.192579
28.000000 18.849556 0.173634
29.000000 18.849556 0.161014
30.000000 18.849556 0.161284
31.000000 18.849556 0.143742
32.000000 18.849556 0.133504
33.000000 18.849556 0.123254
34.000000 18.849556 0.111942
35.000000 18.849556 0.092605
36.000000 18.849556 0.090671
37.000000 18.849556 0.056262
38.000000 18.849556 0.019774
39.000000 18.849556 0.004277
40.000000 18.849556 0.000615
41.000000 18.849556 0.000062
42.000000 18.849556 0.000005
43.000000 18.849556 0.000000
44.000000 18.849556 0.000000
45.000000 18.849556 0.000000
46.000000 18.849556 0.000000
47.000000 18.849556 0.000000
48.000000 18.849556 0.000000
49.000000 18.849556 0.000000
50.000000 18.849556 0.000000
51.000000 18.849556 0.000000
52.000000 18.849556 0.000000
53.000000 18.849556 0.000000
54.000000 18.849556 0.000000
55.000000 18.849556 0.000000
56.000000 18.849556 0.000000
57.000000 18.849556 0.000000
58.000000 18.849556 0.000000
59.000000 18.849556 0.000000
60.000000 18.849556 0.000000
61.000000 18.849556 0.000000
62.000000 18.849556 0.000000
63.000000 18.849556 0.000000
64.000000 18.849556 0.000000
65.000000 18.849556 0.000000
66.000000 18.849556 0.000000
67.000000 18.849556 0.000000
68.000000 18.849556 0.000000
69.000000 18.849556 0.000000
70.000000 18.849556 0.000000
71.000000 18.849556 0.000000
72.000000 18.849556 0.000000
73.000000 18.849556 0.000000
74.000000 18.849556 0.000000
75.000000 18.849556 0.000000
76.000000 18.849556 0.000000
77.000000 18.849556 0.000000
78.000000 18.849556 0.000000
79.000000 18.849556 0.000000
80.000000 18.849556 0.000000
81.000000 18.849556 0.000000
82.000000 18.849556 0.000000
83.000000 18.849556 0.000000
84.000000 18.849556 0.000000
85.000000 18.849556 0.000000
86.000000 18.849556 0.000000
87.000000 18.849556 0.000000
88.000000 18.849556 0.000000
89.000000 18.849556 0.000000
90.000000 18.849556 0.000000
91.000000 18.849556 0.000000
92.000000 18.849556 0.000000
93.000000 18.849556 0.000000
94.000000 18.849556 0.000000
95.000000 18.849556 0.000000
96.000000 18.849556 0.000000
97.000000 18.849556 0.000000
98.000000 18.849556 0.000000
99.000000 18.849556 0.000000
100.000000 18.849556 0.000000
101.000000 18.849556 0.000000
102.000000 18.849556 0.000000
103.000000 18.849556 0.000000
104.000000 18.849556 0.000000
105.000000 18.849556 0.000000
106.000000 18.849556 0.000000
107.000000 18.849556 0.000000
108.000000 18.849556 0.000000
109.000000 18.849556 0.000000
110.000000 18.849556 0.000000
111.000000 18.849556 0.000000
112.000000 18.849556 0.000000
113.000000 18.849556 0.000000
114.000000 18.849556 0.000000
115.000000 18.849556 0.000000
116.000000 18.849556 0.000000
117.000000 18.849556 0.000000
118.000000 18.849556 0.000000
119.000000 18.849556 0.000000
120.000000 18.849556 0.000000
121.000000 18.849556 0.000000
122.000000 18.849556 0.000000
123.000000 18.849556 0.000000
124.000000 18.849556 0.000000
125.000000 18.849556 0.000000
126.000000 18.849556 0.000000
127.000000 18.849556 0.000000
128.000000 18.849556 0.000000
129.000000 18.849556 0.000000
130.000000 18.849556 0.000000
131.000000 18.849556 0.000000
132.000000 18.849556 0.000000
133.000000 18.849556 0.000000
134.000000 18.849556 0.000000
135.000000 18.849556 0.000000
136.000000 18.849556 0.000000
137.000000 18.849556 0.000000
138.000000 18.849556 0.000000
139.000000 18.849556 0.000000
140.000000 18.849556 0.000000
141.000000 18.849556 0.000000
142.000000 18.849556 0.000000
143.000000 18.849556 0.000000
144.000000 18.849556 0.000000
145.000000 18.849556 0.000000
146.000000 18.849556 0.000000
147.000000 18.849556 0.000000
148.000000 18.849556 0.000000
149.000000 18.849556 0.000000
150.000000 18.849556 0.000000
151.000000 18.849556 0.000000
152.000000 18.849556 0.000000
153.000000 18.849556 0.000000
154.000000 18.849556 0.000000
155.000000 18.849556 0.000000
156.000000 18.849556 0.000000
157.000000 18.849556 0.000000
158.000000 18.849556 0.000000
159.000000 18.849556 0.000000
160.000000 18.849556 0.000000
161.000000 18.849556 0.000000
162.000000 18.849556 0.000000
163.000000 18.849556 0.000000
164.000000 18.849556 0.000000
165.000000 18.849556 0.000000
166.000000 18.849556 0.000000
167.000000 18.849556 0.000000
168.000000 18.849556 0.000000
169.000000 18.849556 0.000000
170.000000 18.849556 0.000000
171.000000 18.849556 0.000000
172.000000 18.849556 0.000000
173.000000 18.849556 0.000000
174.000000 18.849556 0.000000
175.000000 18.849556 0.000000
176.000000 18.849556 0.000000
177.000000 18.849556 0.000000
178.000000 18.849556 0.000000
179.000000 18.849556 0.000000
180.000000 18.849556 0.000000
181.000000 18.849556 0.000000
182.000000 18.849556 0.000000
183.000000 18.849556 0.000000
184.000000 18.849556 0.000000
185.000000 18.849556 0.000000
186.000000 18.849556 0.000000
187.000000 18.849556 0.000000
188.000000 18.849556 0.000000
189.000000 18.849556 0.000000
190.000000 18.849556 0.000000
191.000000 18.849556 0.000000
192.000000 18.849556 0.000000
193.000000 18.849556 0.000000
194.000000 18.849556 0.000000
195.000000 18.849556 0.000000
196.000000 18.849556 0.000000
197.000000 18.849556 0.000000
198.000000 18.849556 0.000000
199.000000 18.849556 0.000000
200.000000 18.849556 0.000000
