-200.000000 21.048671 0.000000
-199.000000 21.048671 0.000000
-198.000000 21.048671 0.000000
-197.000000 21.048671 0.000000
-196.000000 21.048671 0.000000
-195.000000 21.048671 0.000000
-194.000000 21.048671 0.000000
-193.000000 21.048671 0.000000
-192.000000 21.048671 0.000000
-191.000000 21.048671 0.000000
-190.000000 21.048671 0.000000
-189.000000 21.048671 0.000000
-188.000000 21.048671 0.000000
-187.000000 21.048671 0.000000
-186.000000 21.048671 0.000000
-185.000000 21.048671 0.000000
-184.000000 21.048671 0.000000
-183.000000 21.048671 0.000000
-182.000000 21.048671 0.000000
-181.000000 21.048671 0.000000
-180.000000 21.048671 0.000000
-179.000000 21.048671 0.000000
-178.000000 21.048671 0.000000
-177.000000 21.048671 0.000000
-176.000000 21.048671 0.000000
-175.000000 21.048671 0.000000
-174.000000 21.048671 0.000000
-173.000000 21.048671 0.000000
-172.000000 21.048671 0.000000
-171.000000 21.048671 0.000000
-170.000000 21.048671 0.000000
-169.000000 21.048671 0.000000
-168.000000 21.048671 0.000000
-167.000000 21.048671 0.000000
-166.000000 21.048671 0.000000
-165.000000 21.048671 0.000000
-164.000000 21.048671 0.000000
-163.000000 21.048671 0.000000
-162.000000 21.048671 0.000000
-161.000000 21.048671 0.000000
-160.000000 21.048671 0.000000
-159.000000 21.048671 0.000000
-158.000000 21.048671 0.000000
-157.000000 21.048671 0.000000
-156.000000 21.048671 0.000000
-155.000000 21.048671 0.000000
-154.000000 21.048671 0.000000
-153.000000 21.048671 0.000000
-152.000000 21.048671 0.000000
-151.000000 21.048671 0.000000
-150.000000 21.048671 0.000000
-149.000000 21.048671 0.000000
-148.000000 21.048671 0.000000
-147.000000 21.048671 0.000000
-146.000000 21.048671 0.000000
-145.000000 21.048671 0.000000
-144.000000 21.048671 0.000000
-143.000000 21.048671 0.000000
-142.000000 21.048671 0.000000
-141.000000 21.048671 0.000000
-140.000000 21.048671 0.000000
-139.000000 21.048671 0.000000
-138.000000 21.048671 0.000000
-137.000000 21.048671 0.000000
-136.000000 21.048671 0.000000
-135.000000 21.048671 0.000000
-134.000000 21.048671 0.000000
-133.000000 21.048671 0.000000
-132.000000 21.048671 0.000000
-131.000000 21.048671 0.000000
-130.000000 21.048671 0.000000
-129.000000 21.048671 0.000000
-128.000000 21.048671 0.000000
-127.000000 21.048671 0.000000
-126.000000 21.048671 0.000000
-125.000000 21.048671 0.000000
-124.000000 21.048671 0.000000
-123.000000 21.048671 0.000000
-122.000000 21.048671 0.000000
-121.000000 21.048671 0.000000
-120.000000 21.048671 0.000000
-119.000000 21.048671 0.000000
-118.000000 21.048671 0.000000
-117.000000 21.048671 0.000000
-116.000000 21.048671 0.000000
-115.000000 21.048671 0.000000
-114.000000 21.048671 0.000000
-113.000000 21.048671 0.000000
-112.000000 21.048671 0.000000
-111.000000 21.048671 0.000000
-110.000000 21.048671 0.000000
-109.000000 21.048671 0.000000
-108.000000 21.048671 0.000000
-107.000000 21.048671 0.000000
-106.000000 21.048671 0.000000
-105.000000 21.048671 0.000000
-104.000000 21.048671 0.000000
-103.000000 21.048671 0.000000
-102.000000 21.048671 0.000000
-101.000000 21.048671 0.000000
-100.000000 21.048671 0.000000
-99.000000 21.048671 0.000000
-98.000000 21.048671 0.000000
-97.000000 21.048671 0.000000
-96.000000 21.048671 0.000000
-95.000000 21.048671 0.000000
-94.000000 21.048671 0.000000
-93.000000 21.048671 0.000000
-92.000000 21.048671 0.000000
-91.000000 21.048671 0.000000
-90.000000 21.048671 0.000000
-89.000000 21.048671 0.000000
-88.000000 21.048671 0.000000
-87.000000 21.048671 0.000000
-86.000000 21.048671 0.000000
-85.000000 21.048671 0.000000
-84.000000 21.048671 0.000000
-83.000000 21.048671 0.000000
-82.000000 21.048671 0.000000
-81.000000 21.048671 0.000000
-80.000000 21.048671 0.000000
-79.000000 21.048671 0.000000
-78.000000 21.048671 0.000000
-77.000000 21.048671 0.000000
-76.000000 21.048671 0.000000
-75.000000 21.048671 0.000000
-74.000000 21.048671 0.000000
-73.000000 21.048671 0.000000
-72.000000 21.048671 0.000000
-71.000000 21.048671 0.000000
-70.000000 21.048671 0.000000
-69.000000 21.048671 0.000000
-68.000000 21.048671 0.000000
-67.000000 21.048671 0.000000
-66.000000 21.048671 0.000000
-65.000000 21.048671 0.000000
-64.000000 21.048671 0.000000
-63.000000 21.048671 0.000000
-62.000000 21.048671 0.000000
-61.000000 21.048671 0.000000
-60.000000 21.048671 0.000000
-59.000000 21.048671 0.000000
-58.000000 21.048671 0.000000
-57.000000 21.048671 0.000000
-56.000000 21.048671 0.000000
-55.000000 21.048671 0.000000
-54.000000 21.048671 0.000000
-53.000000 21.048671 0.000000
-52.000000 21.048671 0.000000
-51.000000 21.048671 0.000000
-50.000000 21.048671 0.000000
-49.000000 21.048671 0.000000
-48.000000 21.048671 0.000000
-47.000000 21.048671 0.000000
-46.000000 21.048671 0.000001
-45.000000 21.048671 0.000011
-44.000000 21.048671 0.000123
-43.000000 21.048671 0.001023
-42.000000 21.048671 0.006060
-41.000000 21.048671 0.024233
-40.000000 21.048671 0.060837
-39.000000 21.048671 0.089619
-38.000000 21.048671 0.089956
-37.000000 21.048671 0.108651
-36.000000 21.048671 0.118723
-35.000000 21.048671 0.129559
-34.000000 21.048671 0.140057
-33.000000 21.048671 0.152237
-32.000000 21.048671 0.153134
-31.000000 21.048671 0.169609
-30.000000 21.048671 0.178075
-29.000000 21.048671 0.177894
-28.000000 21.048671 0.191871
-27.000000 21.048671 0.206862
-26.000000 21.048671 0.214757
-25.000000 21.048671 0.214883
-24.000000 21.048671 0.215595
-23.000000 21.048671 0.218668
-22.000000 21.048671 0.230303
-21.000000 21.048671 0.238296
-20.000000 21.048671 0.247544
-19.000000 21.048671 0.261336
-18.000000 21.048671 0.266619
-17.000000 21.048671 0.274417
-16.000000 21.048671 0.274574
-15.000000 21.048671 0.274677
-14.000000 21.048671 0.279844
-13.000000 21.048671 0.297645
-12.000000 21.048671 0.306741
-11.000000 21.048671 0.311534
-10.000000 21.048671 0.315301
-9.000000 21.048671 0.334946
-8.000000 21.048671 0.334715
-7.000000 21.048671 0.349551
-6.000000 21.048671 0.355343
-5.000000 21.048671 0.367324
-4.000000 21.048671 0.378002
-3.000000 21.048671 0.399657
-2.000000 21.048671 0.389938
-1.000000 21.048671 0.404626
0.000000 21.048671 0.404266
1.000000 21.048671 0.394221
2.000000 21.048671 0.399015
3.000000 21.048671 0.375476
4.000000 21.048671 0.367422
5.000000 21.048671 0.359426
6.000000 21.048671 0.347524
7.000000 21.048671 0.334013
8.000000 21.048671 0.334535
9.000000 21.048671 0.312240
10.000000 21.048671 0.309275
11.000000 21.048671 0.307271
12.000000 21.048671 0.295988
13.000000 21.048671 0.278839
14.000000 21.048671 0.273897
15.000000 21.048671 0.273382
16.000000 21.048671 0.272367
17.000000 21.048671 0.267177
18.000000 21.048671 0.258706
19.000000 21.048671 0.246808
20.000000 21.048671 0.238521
21.000000 21.048671 0.226910
22.000000 21.048671 0.219187
23.000000 21.048671 0.213735
24.000000 21.048671 0.215485
25.000000 21.048671 0.213500
26.000000 21.048671 0.207523
27.000000 21.048671 0.194183
28.000000 21.048671 0.180932
29.000000 21.048671 0.178743
30.000000 21.048671 0.168725
31.000000 21.048671 0.153134
32.000000 21.048671 0.152224
33.000000 21.048671 0.138962
34.000000 21.048671 0.127371
35.000000 21.048671 0.118573
36.000000 21.048671 0.108688
37.000000 21.048671 0.089398
38.000000 21.048671 0.088678
39.000000 21.048671 0.060117
40.000000 21.048671 0.023933
41.000000 21.048671 0.005983
42.000000 21.048671 0.001010
43.000000 21.048671 0.000121
44.000000 21.048671 0.000011
45.000000 21.048671 0.000001
46.000000 21.048671 0.000000
47.000000 21.048671 0.000000
48.000000 21.048671 0.000000
49.000000 21.048671 0.000000
50.000000 21.048671 0.000000
51.000000 21.048671 0.000000
52.000000 21.048671 0.000000
53.000000 21.048671 0.000000
54.000000 21.048671 0.000000
55.000000 21.048671 0.000000
56.000000 21.048671 0.000000
57.000000 21.048671 0.000000
58.000000 21.048671 0.000000
59.000000 21.048671 0.000000
60.000000 21.048671 0.000000
61.000000 21.048671 0.000000
62.000000 21.048671 0.000000
63.000000 21.048671 0.000000
64.000000 21.048671 0.000000
65.000000 21.048671 0.000000
66.000000 21.048671 0.000000
67.000000 21.048671 0.000000
68.000000 21.048671 0.000000
69.000000 21.048671 0.000000
70.000000 21.048671 0.000000
71.000000 21.048671 0.000000
72.000000 21.048671 0.000000
73.000000 21.048671 0.000000
74.000000 21.048671 0.000000
75.000000 21.048671 0.000000
76.000000 21.048671 0.000000
77.000000 21.048671 0.000000
78.000000 21.048671 0.000000
79.000000 21.048671 0.000000
80.000000 21.048671 0.000000
81.000000 21.048671 0.000000
82.000000 21.048671 0.000000
83.000000 21.048671 0.000000
84.000000 21.048671 0.000000
85.000000 21.048671 0.000000
86.000000 21.048671 0.000000
87.000000 21.048671 0.000000
88.000000 21.048671 0.000000
89.000000 21.048671 0.000000
90.000000 21.048671 0.000000
91.000000 21.048671 0.000000
92.000000 21.048671 0.000000
93.000000 21.048671 0.000000
94.000000 21.048671 0.000000
95.000000 21.048671 0.000000
96.000000 21.048671 0.000000
97.000000 21.048671 0.000000
98.000000 21.048671 0.000000
99.000000 21.048671 0.000000
100.000000 21.048671 0.000000
101.000000 21.048671 0.000000
102.000000 21.048671 0.000000
103.000000 21.048671 0.000000
104.000000 21.048671 0.000000
105.000000 21.048671 0.000000
106.000000 21.048671 0.000000
107.000000 21.048671 0.000000
108.000000 21.048671 0.000000
109.000000 21.048671 0.000000
110.000000 21.048671 0.000000
111.000000 21.048671 0.000000
112.000000 21.048671 0.000000
113.000000 21.048671 0.000000
114.000000 21.048671 0.000000
115.000000 21.048671 0.000000
116.000000 21.048671 0.000000
117.000000 21.048671 0.000000
118.000000 21.048671 0.000000
119.000000 21.048671 0.000000
120.000000 21.048671 0.000000
121.000000 21.048671 0.000000
122.000000 21.048671 0.000000
123.000000 21.048671 0.000000
124.000000 21.048671 0.000000
125.000000 21.048671 0.000000
126.000000 21.048671 0.000000
127.000000 21.048671 0.000000
128.000000 21.048671 0.000000
129.000000 21.048671 0.000000
130.000000 21.048671 0.000000
131.000000 21.048671 0.000000
132.000000 21.048671 0.000000
133.000000 21.048671 0.000000
134.000000 21.048671 0.000000
135.000000 21.048671 0.000000
136.000000 21.048671 0.000000
137.000000 21.048671 0.000000
138.000000 21.048671 0.000000
139.000000 21.048671 0.000000
140.000000 21.048671 0.000000
141.000000 21.048671 0.000000
142.000000 21.048671 0.000000
143.000000 21.048671 0.000000
144.000000 21.048671 0.000000
145.000000 21.048671 0.000000
146.000000 21.048671 0.000000
147.000000 21.048671 0.000000
148.000000 21.048671 0.000000
149.000000 21.048671 0.000000
150.000000 21.048671 0.000000
151.000000 21.048671 0.000000
152.000000 21.048671 0.000000
153.000000 21.048671 0.000000
154.000000 21.048671 0.000000
155.000000 21.048671 0.000000
156.000000 21.048671 0.000000
157.000000 21.048671 0.000000
158.000000 21.048671 0.000000
159.000000 21.048671 0.000000
160.000000 21.048671 0.000000
161.000000 21.048671 0.000000
162.000000 21.048671 0.000000
163.000000 21.048671 0.000000
164.000000 21.048671 0.000000
165.000000 21.048671 0.000000
166.000000 21.048671 0.000000
167.000000 21.048671 0.000000
168.000000 21.048671 0.000000
169.000000 21.048671 0.000000
170.000000 21.048671 0.000000
171.000000 21.048671 0.000000
172.000000 21.048671 0.000000
173.000000 21.048671 0.000000
174.000000 21.048671 0.000000
175.000000 21.048671 0.000000
176.000000 21.048671 0.000000
177.000000 21.048671 0.000000
178.000000 21.048671 0.000000
179.000000 21.048671 0.000000
180.000000 21.048671 0.000000
181.000000 21.048671 0.000000
182.000000 21.048671 0.000000
183.000000 21.048671 0.000000
184.000000 21.048671 0.000000
185.000000 21.048671 0.000000
186.000000 21.048671 0.000000
187.000000 21.048671 0.000000
188.000000 21.048671 0.000000
189.000000 21.048671 0.000000
190.000000 21.048671 0.000000
191.000000 21.048671 0.000000
192.000000 21.048671 0.000000
193.000000 21.048671 0.000000
194.000000 21.048671 0.000000
195.000000 21.048671 0.000000
196.000000 21.048671 0.000000
197.000000 21.048671 0.000000
198.000000 21.048671 0.000000
199.000000 21.048671 0.000000
200.000000 21.048671 0.000000
