-200.000000 21.362830 0.000000
-199.000000 21.362830 0.000000
-198.000000 21.362830 0.000000
-197.000000 21.362830 0.000000
-196.000000 21.362830 0.000000
-195.000000 21.362830 0.000000
-194.000000 21.362830 0.000000
-193.000000 21.362830 0.000000
-192.000000 21.362830 0.000000
-191.000000 21.362830 0.000000
-190.000000 21.362830 0.000000
-189.000000 21.362830 0.000000
-188.000000 21.362830 0.000000
-187.000000 21.362830 0.000000
-186.000000 21.362830 0.000000
-185.000000 21.362830 0.000000
-184.000000 21.362830 0.000000
-183.000000 21.362830 0.000000
-182.000000 21.362830 0.000000
-181.000000 21.362830 0.000000
-180.000000 21.362830 0.000000
-179.000000 21.362830 0.000000
-178.000000 21.362830 0.000000
-177.000000 21.362830 0.000000
-176.000000 21.362830 0.000000
-175.000000 21.362830 0.000000
-174.000000 21.362830 0.000000
-173.000000 21.362830 0.000000
-172.000000 21.362830 0.000000
-171.000000 21.362830 0.000000
-170.000000 21.362830 0.000000
-169.000000 21.362830 0.000000
-168.000000 21.362830 0.000000
-167.000000 21.362830 0.000000
-166.000000 21.362830 0.000000
-165.000000 21.362830 0.000000
-164.000000 21.362830 0.000000
-163.000000 21.362830 0.000000
-162.000000 21.362830 0.000000
-161.000000 21.362830 0.000000
-160.000000 21.362830 0.000000
-159.000000 21.362830 0.000000
-158.000000 21.362830 0.000000
-157.000000 21.362830 0.000000
-156.000000 21.362830 0.000000
-155.000000 21.362830 0.000000
-154.000000 21.362830 0.000000
-153.000000 21.362830 0.000000
-152.000000 21.362830 0.000000
-151.000000 21.362830 0.000000
-150.000000 21.362830 0.000000
-149.000000 21.362830 0.000000
-148.000000 21.362830 0.000000
-147.000000 21.362830 0.000000
-146.000000 21.362830 0.000000
-145.000000 21.362830 0.000000
-144.000000 21.362830 0.000000
-143.000000 21.362830 0.000000
-142.000000 21.362830 0.000000
-141.000000 21.362830 0.000000
-140.000000 21.362830 0.000000
-139.000000 21.362830 0.000000
-138.000000 21.362830 0.000000
-137.000000 21.362830 0.000000
-136.000000 21.362830 0.000000
-135.000000 21.362830 0.000000
-134.000000 21.362830 0.000000
-133.000000 21.362830 0.000000
-132.000000 21.362830 0.000000
-131.000000 21.362830 0.000000
-130.000000 21.362830 0.000000
-129.000000 21.362830 0.000000
-128.000000 21.362830 0.000000
-127.000000 21.362830 0.000000
-126.000000 21.362830 0.000000
-125.000000 21.362830 0.000000
-124.000000 21.362830 0.000000
-123.000000 21.362830 0.000000
-122.000000 21.362830 0.000000
-121.000000 21.362830 0.000000
-120.000000 21.362830 0.000000
-119.000000 21.362830 0.000000
-118.000000 21.362830 0.000000
-117.000000 21.362830 0.000000
-116.000000 21.362830 0.000000
-115.000000 21.362830 0.000000
-114.000000 21.362830 0.000000
-113.000000 21.362830 0.000000
-112.000000 21.362830 0.000000
-111.000000 21.362830 0.000000
-110.000000 21.362830 0.000000
-109.000000 21.362830 0.000000
-108.000000 21.362830 0.000000
-107.000000 21.362830 0.000000
-106.000000 21.362830 0.000000
-105.000000 21.362830 0.000000
-104.000000 21.362830 0.000000
-103.000000 21.362830 0.000000
-102.000000 21.362830 0.000000
-101.000000 21.362830 0.000000
-100.000000 21.362830 0.000000
-99.000000 21.362830 0.000000
-98.000000 21.362830 0.000000
-97.000000 21.362830 0.000000
-96.000000 21.362830 0.000000
-95.000000 21.362830 0.000000
-94.000000 21.362830 0.000000
-93.000000 21.362830 0.000000
-92.000000 21.362830 0.000000
-91.000000 21.362830 0.000000
-90.000000 21.362830 0.000000
-89.000000 21.362830 0.000000
-88.000000 21.362830 0.000000
-87.000000 21.362830 0.000000
-86.000000 21.362830 0.000000
-85.000000 21.362830 0.000000
-84.000000 21.362830 0.000000
-83.000000 21.362830 0.000000
-82.000000 21.362830 0.000000
-81.000000 21.362830 0.000000
-80.000000 21.362830 0.000000
-79.000000 21.362830 0.000000
-78.000000 21.362830 0.000000
-77.000000 21.362830 0.000000
-76.000000 21.362830 0.000000
-75.000000 21.362830 0.000000
-74.000000 21.362830 0.000000
-73.000000 21.362830 0.000000
-72.000000 21.362830 0.000000
-71.000000 21.362830 0.000000
-70.000000 21.362830 0.000000
-69.000000 21.362830 0.000000
-68.000000 21.362830 0.000000
-67.000000 21.362830 0.000000
-66.000000 21.362830 0.000000
-65.000000 21.362830 0.000000
-64.000000 21.362830 0.000000
-63.000000 21.362830 0.000000
-62.000000 21.362830 0.000000
-61.000000 21.362830 0.000000
-60.000000 21.362830 0.000000
-59.000000 21.362830 0.000000
-58.000000 21.362830 0.000000
-57.000000 21.362830 0.000000
-56.000000 21.362830 0.000000
-55.000000 21.362830 0.000000
-54.000000 21.362830 0.000000
-53.000000 21.362830 0.000000
-52.000000 21.362830 0.000000
-51.000000 21.362830 0.000000
-50.000000 21.362830 0.000000
-49.000000 21.362830 0.000000
-48.000000 21.362830 0.000000
-47.000000 21.362830 0.000000
-46.000000 21.362830 0.000002
-45.000000 21.362830 0.000025
-44.000000 21.362830 0.000252
-43.000000 21.362830 0.001871
-42.000000 21.362830 0.009768
-41.000000 21.362830 0.033843
-40.000000 21.362830 0.072161
-39.000000 21.362830 0.090913
-38.000000 21.362830 0.091572
-37.000000 21.362830 0.115061
-36.000000 21.362830 0.117048
-35.000000 21.362830 0.136452
-34.000000 21.362830 0.138055
-33.000000 21.362830 0.155554
-32.000000 21.362830 0.156051
-31.000000 21.362830 0.166172
-30.000000 21.362830 0.182726
-29.000000 21.362830 0.183024
-28.000000 21.362830 0.187657
-27.000000 21.362830 0.201854
-26.000000 21.362830 0.217946
-25.000000 21.362830 0.224162
-24.000000 21.362830 0.226212
-23.000000 21.362830 0.224967
-22.000000 21.362830 0.228723
-21.000000 21.362830 0.227821
-20.000000 21.362830 0.231194
-19.000000 21.362830 0.233192
-18.000000 21.362830 0.231739
-17.000000 21.362830 0.232759
-16.000000 21.362830 0.236385
-15.000000 21.362830 0.241553
-14.000000 21.362830 0.257324
-13.000000 21.362830 0.271198
-12.000000 21.362830 0.271499
-11.000000 21.362830 0.279570
-10.000000 21.362830 0.292097
-9.000000 21.362830 0.301199
-8.000000 21.362830 0.302498
-7.000000 21.362830 0.318939
-6.000000 21.362830 0.319603
-5.000000 21.362830 0.340020
-4.000000 21.362830 0.346101
-3.000000 21.362830 0.367268
-2.000000 21.362830 0.355987
-1.000000 21.362830 0.354445
0.000000 21.362830 0.354647
1.000000 21.362830 0.356508
2.000000 21.362830 0.365944
3.000000 21.362830 0.341362
4.000000 21.362830 0.340054
5.000000 21.362830 0.323578
6.000000 21.362830 0.319050
7.000000 21.362830 0.302208
8.000000 21.362830 0.303769
9.000000 21.362830 0.288042
10.000000 21.362830 0.273744
11.000000 21.362830 0.273235
12.000000 21.362830 0.269641
13.000000 21.362830 0.255746
14.000000 21.362830 0.242253
15.000000 21.362830 0.234159
16.000000 21.362830 0.232161
17.000000 21.362830 0.231453
18.000000 21.362830 0.232641
19.000000 21.362830 0.229438
20.000000 21.362830 0.227201
21.000000 21.362830 0.225655
22.000000 21.362830 0.225301
23.000000 21.362830 0.224134
24.000000 21.362830 0.225698
25.000000 21.362830 0.216590
26.000000 21.362830 0.201016
27.000000 21.362830 0.190232
28.000000 21.362830 0.186399
29.000000 21.362830 0.183607
30.000000 21.362830 0.165722
31.000000 21.362830 0.155776
32.000000 21.362830 0.155501
33.000000 21.362830 0.137658
34.000000 21.362830 0.134070
35.000000 21.362830 0.116386
36.000000 21.362830 0.115215
37.000000 21.362830 0.091206
38.000000 21.362830 0.090035
39.000000 21.362830 0.071327
40.000000 21.362830 0.033428
41.000000 21.362830 0.009645
42.000000 21.362830 0.001847
43.000000 21.362830 0.000249
44.000000 21.362830 0.000025
45.000000 21.362830 0.000002
46.000000 21.362830 0.000000
47.000000 21.362830 0.000000
48.000000 21.362830 0.000000
49.000000 21.362830 0.000000
50.000000 21.362830 0.000000
51.000000 21.362830 0.000000
52.000000 21.362830 0.000000
53.000000 21.362830 0.000000
54.000000 21.362830 0.000000
55.000000 21.362830 0.000000
56.000000 21.362830 0.000000
57.000000 21.362830 0.000000
58.000000 21.362830 0.000000
59.000000 21.362830 0.000000
60.000000 21.362830 0.000000
61.000000 21.362830 0.000000
62.000000 21.362830 0.000000
63.000000 21.362830 0.000000
64.000000 21.362830 0.000000
65.000000 21.362830 0.000000
66.000000 21.362830 0.000000
67.000000 21.362830 0.000000
68.000000 21.362830 0.000000
69.000000 21.362830 0.000000
70.000000 21.362830 0.000000
71.000000 21.362830 0.000000
72.000000 21.362830 0.000000
73.000000 21.362830 0.000000
74.000000 21.362830 0.000000
75.000000 21.362830 0.000000
76.000000 21.362830 0.000000
77.000000 21.362830 0.000000
78.000000 21.362830 0.000000
79.000000 21.362830 0.000000
80.000000 21.362830 0.000000
81.000000 21.362830 0.000000
82.000000 21.362830 0.000000
83.000000 21.362830 0.000000
84.000000 21.362830 0.000000
85.000000 21.362830 0.000000
86.000000 21.362830 0.000000
87.000000 21.362830 0.000000
88.000000 21.362830 0.000000
89.000000 21.362830 0.000000
90.000000 21.362830 0.000000
91.000000 21.362830 0.000000
92.000000 21.362830 0.000000
93.000000 21.362830 0.000000
94.000000 21.362830 0.000000
95.000000 21.362830 0.000000
96.000000 21.362830 0.000000
97.000000 21.362830 0.000000
98.000000 21.362830 0.000000
99.000000 21.362830 0.000000
100.000000 21.362830 0.000000
101.000000 21.362830 0.000000
102.000000 21.362830 0.000000
103.000000 21.362830 0.000000
104.000000 21.362830 0.000000
105.000000 21.362830 0.000000
106.000000 21.362830 0.000000
107.000000 21.362830 0.000000
108.000000 21.362830 0.000000
109.000000 21.362830 0.000000
110.000000 21.362830 0.000000
111.000000 21.362830 0.000000
112.000000 21.362830 0.000000
113.000000 21.362830 0.000000
114.000000 21.362830 0.000000
115.000000 21.362830 0.000000
116.000000 21.362830 0.000000
117.000000 21.362830 0.000000
118.000000 21.362830 0.000000
119.000000 21.362830 0.000000
120.000000 21.362830 0.000000
121.000000 21.362830 0.000000
122.000000 21.362830 0.000000
123.000000 21.362830 0.000000
124.000000 21.362830 0.000000
125.000000 21.362830 0.000000
126.000000 21.362830 0.000000
127.000000 21.362830 0.000000
128.000000 21.362830 0.000000
129.000000 21.362830 0.000000
130.000000 21.362830 0.000000
131.000000 21.362830 0.000000
132.000000 21.362830 0.000000
133.000000 21.362830 0.000000
134.000000 21.362830 0.000000
135.000000 21.362830 0.000000
136.000000 21.362830 0.000000
137.000000 21.362830 0.000000
138.000000 21.362830 0.000000
139.000000 21.362830 0.000000
140.000000 21.362830 0.000000
141.000000 21.362830 0.000000
142.000000 21.362830 0.000000
143.000000 21.362830 0.000000
144.000000 21.362830 0.000000
145.000000 21.362830 0.000000
146.000000 21.362830 0.000000
147.000000 21.362830 0.000000
148.000000 21.362830 0.000000
149.000000 21.362830 0.000000
150.000000 21.362830 0.000000
151.000000 21.362830 0.000000
152.000000 21.362830 0.000000
153.000000 21.362830 0.000000
154.000000 21.362830 0.000000
155.000000 21.362830 0.000000
156.000000 21.362830 0.000000
157.000000 21.362830 0.000000
158.000000 21.362830 0.000000
159.000000 21.362830 0.000000
160.000000 21.362830 0.000000
161.000000 21.362830 0.000000
162.000000 21.362830 0.000000
163.000000 21.362830 0.000000
164.000000 21.362830 0.000000
165.000000 21.362830 0.000000
166.000000 21.362830 0.000000
167.000000 21.362830 0.000000
168.000000 21.362830 0.000000
169.000000 21.362830 0.000000
170.000000 21.362830 0.000000
171.000000 21.362830 0.000000
172.000000 21.362830 0.000000
173.000000 21.362830 0.000000
174.000000 21.362830 0.000000
175.000000 21.362830 0.000000
176.000000 21.362830 0.000000
177.000000 21.362830 0.000000
178.000000 21.362830 0.000000
179.000000 21.362830 0.000000
180.000000 21.362830 0.000000
181.000000 21.362830 0.000000
182.000000 21.362830 0.000000
183.000000 21.362830 0.000000
184.000000 21.362830 0.000000
185.000000 21.362830 0.000000
186.000000 21.362830 0.000000
187.000000 21.362830 0.000000
188.000000 21.362830 0.000000
189.000000 21.362830 0.000000
190.000000 21.362830 0.000000
191.000000 21.362830 0.000000
192.000000 21.362830 0.000000
193.000000 21.362830 0.000000
194.000000 21.362830 0.000000
195.000000 21.362830 0.000000
196.000000 21.362830 0.000000
197.000000 21.362830 0.000000
198.000000 21.362830 0.000000
199.000000 21.362830 0.000000
200.000000 21.362830 0.000000
