-200.000000 22.619467 0.000000
-199.000000 22.619467 0.000000
-198.000000 22.619467 0.000000
-197.000000 22.619467 0.000000
-196.000000 22.619467 0.000000
-195.000000 22.619467 0.000000
-194.000000 22.619467 0.000000
-193.000000 22.619467 0.000000
-192.000000 22.619467 0.000000
-191.000000 22.619467 0.000000
-190.000000 22.619467 0.000000
-189.000000 22.619467 0.000000
-188.000000 22.619467 0.000000
-187.000000 22.619467 0.000000
-186.000000 22.619467 0.000000
-185.000000 22.619467 0.000000
-184.000000 22.619467 0.000000
-183.000000 22.619467 0.000000
-182.000000 22.619467 0.000000
-181.000000 22.619467 0.000000
-180.000000 22.619467 0.000000
-179.000000 22.619467 0.000000
-178.000000 22.619467 0.000000
-177.000000 22.619467 0.000000
-176.000000 22.619467 0.000000
-175.000000 22.619467 0.000000
-174.000000 22.619467 0.000000
-173.000000 22.619467 0.000000
-172.000000 22.619467 0.000000
-171.000000 22.619467 0.000000
-170.000000 22.619467 0.000000
-169.000000 22.619467 0.000000
-168.000000 22.619467 0.000000
-167.000000 22.619467 0.000000
-166.000000 22.619467 0.000000
-165.000000 22.619467 0.000000
-164.000000 22.619467 0.000000
-163.000000 22.619467 0.000000
-162.000000 22.619467 0.000000
-161.000000 22.619467 0.000000
-160.000000 22.619467 0.000000
-159.000000 22.619467 0.000000
-158.000000 22.619467 0.000000
-157.000000 22.619467 0.000000
-156.000000 22.619467 0.000000
-155.000000 22.619467 0.000000
-154.000000 22.619467 0.000000
-153.000000 22.619467 0.000000
-152.000000 22.619467 0.000000
-151.000000 22.619467 0.000000
-150.000000 22.619467 0.000000
-149.000000 22.619467 0.000000
-148.000000 22.619467 0.000000
-147.000000 22.619467 0.000000
-146.000000 22.619467 0.000000
-145.000000 22.619467 0.000000
-144.000000 22.619467 0.000000
-143.000000 22.619467 0.000000
-142.000000 22.619467 0.000000
-141.000000 22.619467 0.000000
-140.000000 22.619467 0.000000
-139.000000 22.619467 0.000000
-138.000000 22.619467 0.000000
-137.000000 22.619467 0.000000
-136.000000 22.619467 0.000000
-135.000000 22.619467 0.000000
-134.000000 22.619467 0.000000
-133.000000 22.619467 0.000000
-132.000000 22.619467 0.000000
-131.000000 22.619467 0.000000
-130.000000 22.619467 0.000000
-129.000000 22.619467 0.000000
-128.000000 22.619467 0.000000
-127.000000 22.619467 0.000000
-126.000000 22.619467 0.000000
-125.000000 22.619467 0.000000
-124.000000 22.619467 0.000000
-123.000000 22.619467 0.000000
-122.000000 22.619467 0.000000
-121.000000 22.619467 0.000000
-120.000000 22.619467 0.000000
-119.000000 22.619467 0.000000
-118.000000 22.619467 0.000000
-117.000000 22.619467 0.000000
-116.000000 22.619467 0.000000
-115.000000 22.619467 0.000000
-114.000000 22.619467 0.000000
-113.000000 22.619467 0.000000
-112.000000 22.619467 0.000000
-111.000000 22.619467 0.000000
-110.000000 22.619467 0.000000
-109.000000 22.619467 0.000000
-108.000000 22.619467 0.000000
-107.000000 22.619467 0.000000
-106.000000 22.619467 0.000000
-105.000000 22.619467 0.000000
-104.000000 22.619467 0.000000
-103.000000 22.619467 0.000000
-102.000000 22.619467 0.000000
-101.000000 22.619467 0.000000
-100.000000 22.619467 0.000000
-99.000000 22.619467 0.000000
-98.000000 22.619467 0.000000
-97.000000 22.619467 0.000000
-96.000000 22.619467 0.000000
-95.000000 22.619467 0.000000
-94.000000 22.619467 0.000000
-93.000000 22.619467 0.000000
-92.000000 22.619467 0.000000
-91.000000 22.619467 0.000000
-90.000000 22.619467 0.000000
-89.000000 22.619467 0.000000
-88.000000 22.619467 0.000000
-87.000000 22.619467 0.000000
-86.000000 22.619467 0.000000
-85.000000 22.619467 0.000000
-84.000000 22.619467 0.000000
-83.000000 22.619467 0.000000
-82.000000 22.619467 0.000000
-81.000000 22.619467 0.000000
-80.000000 22.619467 0.000000
-79.000000 22.619467 0.000000
-78.000000 22.619467 0.000000
-77.000000 22.619467 0.000000
-76.000000 22.619467 0.000000
-75.000000 22.619467 0.000000
-74.000000 22.619467 0.000000
-73.000000 22.619467 0.000000
-72.000000 22.619467 0.000000
-71.000000 22.619467 0.000000
-70.000000 22.619467 0.000000
-69.000000 22.619467 0.000000
-68.000000 22.619467 0.000000
-67.000000 22.619467 0.000000
-66.000000 22.619467 0.000000
-65.000000 22.619467 0.000000
-64.000000 22.619467 0.000000
-63.000000 22.619467 0.000000
-62.000000 22.619467 0.000000
-61.000000 22.619467 0.000000
-60.000000 22.619467 0.000000
-59.000000 22.619467 0.000000
-58.000000 22.619467 0.000000
-57.000000 22.619467 0.000000
-56.000000 22.619467 0.000000
-55.000000 22.619467 0.000000
-54.000000 22.619467 0.000000
-53.000000 22.619467 0.000000
-52.000000 22.619467 0.000000
-51.000000 22.619467 0.000000
-50.000000 22.619467 0.000000
-49.000000 22.619467 0.000000
-48.000000 22.619467 0.000000
-47.000000 22.619467 0.000005
-46.000000 22.619467 0.000052
-45.000000 22.619467 0.000462
-44.000000 22.619467 0.003003
-43.000000 22.619467 0.013729
-42.000000 22.619467 0.041576
-41.000000 22.619467 0.077621
-40.000000 22.619467 0.088911
-39.000000 22.619467 0.092639
-38.000000 22.619467 0.115147
-37.000000 22.619467 0.115361
-36.000000 22.619467 0.136048
-35.000000 22.619467 0.135696
-34.000000 22.619467 0.152487
-33.000000 22.619467 0.154216
-32.000000 22.619467 0.162712
-31.000000 22.619467 0.178828
-30.000000 22.619467 0.179491
-29.000000 22.619467 0.183838
-28.000000 22.619467 0.198520
-27.000000 22.619467 0.212642
-26.000000 22.619467 0.215416
-25.000000 22.619467 0.215524
-24.000000 22.619467 0.215813
-23.000000 22.619467 0.223587
-22.000000 22.619467 0.228990
-21.000000 22.619467 0.239673
-20.000000 22.619467 0.249689
-19.000000 22.619467 0.257867
-18.000000 22.619467 0.266700
-17.000000 22.619467 0.274032
-16.000000 22.619467 0.271239
-15.000000 22.619467 0.273445
-14.000000 22.619467 0.278178
-13.000000 22.619467 0.287262
-12.000000 22.619467 0.308090
-11.000000 22.619467 0.306240
-10.000000 22.619467 0.308838
-9.000000 22.619467 0.323635
-8.000000 22.619467 0.332034
-7.000000 22.619467 0.334897
-6.000000 22.619467 0.354300
-5.000000 22.619467 0.348554
-4.000000 22.619467 0.368662
-3.000000 22.619467 0.358749
-2.000000 22.619467 0.354154
-1.000000 22.619467 0.319992
0.000000 22.619467 0.322791
1.000000 22.619467 0.357910
2.000000 22.619467 0.363565
3.000000 22.619467 0.367168
4.000000 22.619467 0.354121
5.000000 22.619467 0.350207
6.000000 22.619467 0.336479
7.000000 22.619467 0.331780
8.000000 22.619467 0.323449
9.000000 22.619467 0.310395
10.000000 22.619467 0.303680
11.000000 22.619467 0.303190
12.000000 22.619467 0.289635
13.000000 22.619467 0.275901
14.000000 22.619467 0.271834
15.000000 22.619467 0.272321
16.000000 22.619467 0.271575
17.000000 22.619467 0.265568
18.000000 22.619467 0.256347
19.000000 22.619467 0.249932
20.000000 22.619467 0.238102
21.000000 22.619467 0.227576
22.000000 22.619467 0.220322
23.000000 22.619467 0.216187
24.000000 22.619467 0.214467
25.000000 22.619467 0.216999
26.000000 22.619467 0.211323
27.000000 22.619467 0.197089
28.000000 22.619467 0.186669
29.000000 22.619467 0.182868
30.000000 22.619467 0.179825
31.000000 22.619467 0.162401
32.000000 22.619467 0.153797
33.000000 22.619467 0.152488
34.000000 22.619467 0.135600
35.000000 22.619467 0.133806
36.000000 22.619467 0.114298
37.000000 22.619467 0.115311
38.000000 22.619467 0.092433
39.000000 22.619467 0.088135
40.000000 22.619467 0.076746
41.000000 22.619467 0.041073
42.000000 22.619467 0.013557
43.000000 22.619467 0.002965
44.000000 22.619467 0.000456
45.000000 22.619467 0.000052
46.000000 22.619467 0.000004
47.000000 22.619467 0.000000
48.000000 22.619467 0.000000
49.000000 22.619467 0.000000
50.000000 22.619467 0.000000
51.000000 22.619467 0.000000
52.000000 22.619467 0.000000
53.000000 22.619467 0.000000
54.000000 22.619467 0.000000
55.000000 22.619467 0.000000
56.000000 22.619467 0.000000
57.000000 22.619467 0.000000
58.000000 22.619467 0.000000
59.000000 22.619467 0.000000
60.000000 22.619467 0.000000
61.000000 22.619467 0.000000
62.000000 22.619467 0.000000
63.000000 22.619467 0.000000
64.000000 22.619467 0.000000
65.000000 22.619467 0.000000
66.000000 22.619467 0.000000
67.000000 22.619467 0.000000
68.000000 22.619467 0.000000
69.000000 22.619467 0.000000
70.000000 22.619467 0.000000
71.000000 22.619467 0.000000
72.000000 22.619467 0.000000
73.000000 22.619467 0.000000
74.000000 22.619467 0.000000
75.000000 22.619467 0.000000
76.000000 22.619467 0.000000
77.000000 22.619467 0.000000
78.000000 22.619467 0.000000
79.000000 22.619467 0.000000
80.000000 22.619467 0.000000
81.000000 22.619467 0.000000
82.000000 22.619467 0.000000
83.000000 22.619467 0.000000
84.000000 22.619467 0.000000
85.000000 22.619467 0.000000
86.000000 22.619467 0.000000
87.000000 22.619467 0.000000
88.000000 22.619467 0.000000
89.000000 22.619467 0.000000
90.000000 22.619467 0.000000
91.000000 22.619467 0.000000
92.000000 22.619467 0.000000
93.000000 22.619467 0.000000
94.000000 22.619467 0.000000
95.000000 22.619467 0.000000
96.000000 22.619467 0.000000
97.000000 22.619467 0.000000
98.000000 22.619467 0.000000
99.000000 22.619467 0.000000
100.000000 22.619467 0.000000
101.000000 22.619467 0.000000
102.000000 22.619467 0.000000
103.000000 22.619467 0.000000
104.000000 22.619467 0.000000
105.000000 22.619467 0.000000
106.000000 22.619467 0.000000
107.000000 22.619467 0.000000
108.000000 22.619467 0.000000
109.000000 22.619467 0.000000
110.000000 22.619467 0.000000
111.000000 22.619467 0.000000
112.000000 22.619467 0.000000
113.000000 22.619467 0.000000
114.000000 22.619467 0.000000
115.000000 22.619467 0.000000
116.000000 22.619467 0.000000
117.000000 22.619467 0.000000
118.000000 22.619467 0.000000
119.000000 22.619467 0.000000
120.000000 22.619467 0.000000
121.000000 22.619467 0.000000
122.000000 22.619467 0.000000
123.000000 22.619467 0.000000
124.000000 22.619467 0.000000
125.000000 22.619467 0.000000
126.000000 22.619467 0.000000
127.000000 22.619467 0.000000
128.000000 22.619467 0.000000
129.000000 22.619467 0.000000
130.000000 22.619467 0.000000
131.000000 22.619467 0.000000
132.000000 22.619467 0.000000
133.000000 22.619467 0.000000
134.000000 22.619467 0.000000
135.000000 22.619467 0.000000
136.000000 22.619467 0.000000
137.000000 22.619467 0.000000
138.000000 22.619467 0.000000
139.000000 22.619467 0.000000
140.000000 22.619467 0.000000
141.000000 22.619467 0.000000
142.000000 22.619467 0.000000
143.000000 22.619467 0.000000
144.000000 22.619467 0.000000
145.000000 22.619467 0.000000
146.000000 22.619467 0.000000
147.000000 22.619467 0.000000
148.000000 22.619467 0.000000
149.000000 22.619467 0.000000
150.000000 22.619467 0.000000
151.000000 22.619467 0.000000
152.000000 22.619467 0.000000
153.000000 22.619467 0.000000
154.000000 22.619467 0.000000
155.000000 22.619467 0.000000
156.000000 22.619467 0.000000
157.000000 22.619467 0.000000
158.000000 22.619467 0.000000
159.000000 22.619467 0.000000
160.000000 22.619467 0.000000
161.000000 22.619467 0.000000
162.000000 22.619467 0.000000
163.000000 22.619467 0.000000
164.000000 22.619467 0.000000
165.000000 22.619467 0.000000
166.000000 22.619467 0.000000
167.000000 22.619467 0.000000
168.000000 22.619467 0.000000
169.000000 22.619467 0.000000
170.000000 22.619467 0.000000
171.000000 22.619467 0.000000
172.000000 22.619467 0.000000
173.000000 22.619467 0.000000
174.000000 22.619467 0.000000
175.000000 22.619467 0.000000
176.000000 22.619467 0.000000
177.000000 22.619467 0.000000
178.000000 22.619467 0.000000
179.000000 22.619467 0.000000
180.000000 22.619467 0.000000
181.000000 22.619467 0.000000
182.000000 22.619467 0.000000
183.000000 22.619467 0.000000
184.000000 22.619467 0.000000
185.000000 22.619467 0.000000
186.000000 22.619467 0.000000
187.000000 22.619467 0.000000
188.000000 22.619467 0.000000
189.000000 22.619467 0.000000
190.000000 22.619467 0.000000
191.000000 22.619467 0.000000
192.000000 22.619467 0.000000
193.000000 22.619467 0.000000
194.000000 22.619467 0.000000
195.000000 22.619467 0.000000
196.000000 22.619467 0.000000
197.000000 22.619467 0.000000
198.000000 22.619467 0.000000
199.000000 22.619467 0.000000
200.000000 22.619467 0.000000
