-200.000000 23.876104 0.000000
-199.000000 23.876104 0.000000
-198.000000 23.876104 0.000000
-197.000000 23.876104 0.000000
-196.000000 23.876104 0.000000
-195.000000 23.876104 0.000000
-194.000000 23.876104 0.000000
-193.000000 23.876104 0.000000
-192.000000 23.876104 0.000000
-191.000000 23.876104 0.000000
-190.000000 23.876104 0.000000
-189.000000 23.876104 0.000000
-188.000000 23.876104 0.000000
-187.000000 23.876104 0.000000
-186.000000 23.876104 0.000000
-185.000000 23.876104 0.000000
-184.000000 23.876104 0.000000
-183.000000 23.876104 0.000000
-182.000000 23.876104 0.000000
-181.000000 23.876104 0.000000
-180.000000 23.876104 0.000000
-179.000000 23.876104 0.000000
-178.000000 23.876104 0.000000
-177.000000 23.876104 0.000000
-176.000000 23.876104 0.000000
-175.000000 23.876104 0.000000
-174.000000 23.876104 0.000000
-173.000000 23.876104 0.000000
-172.000000 23.876104 0.000000
-171.000000 23.876104 0.000000
-170.000000 23.876104 0.000000
-169.000000 23.876104 0.000000
-168.000000 23.876104 0.000000
-167.000000 23.876104 0.000000
-166.000000 23.876104 0.000000
-165.000000 23.876104 0.000000
-164.000000 23.876104 0.000000
-163.000000 23.876104 0.000000
-162.000000 23.876104 0.000000
-161.000000 23.876104 0.000000
-160.000000 23.876104 0.000000
-159.000000 23.876104 0.000000
-158.000000 23.876104 0.000000
-157.000000 23.876104 0.000000
-156.000000 23.876104 0.000000
-155.000000 23.876104 0.000000
-154.000000 23.876104 0.000000
-153.000000 23.876104 0.000000
-152.000000 23.876104 0.000000
-151.000000 23.876104 0.000000
-150.000000 23.876104 0.000000
-149.000000 23.876104 0.000000
-148.000000 23.876104 0.000000
-147.000000 23.876104 0.000000
-146.000000 23.876104 0.000000
-145.000000 23.876104 0.000000
-144.000000 23.876104 0.000000
-143.000000 23.876104 0.000000
-142.000000 23.876104 0.000000
-141.000000 23.876104 0.000000
-140.000000 23.876104 0.000000
-139.000000 23.876104 0.000000
-138.000000 23.876104 0.000000
-137.000000 23.876104 0.000000
-136.000000 23.876104 0.000000
-135.000000 23.876104 0.000000
-134.000000 23.876104 0.000000
-133.000000 23.876104 0.000000
-132.000000 23.876104 0.000000
-131.000000 23.876104 0.000000
-130.000000 23.876104 0.000000
-129.000000 23.876104 0.000000
-128.000000 23.876104 0.000000
-127.000000 23.876104 0.000000
-126.000000 23.876104 0.000000
-125.000000 23.876104 0.000000
-124.000000 23.876104 0.000000
-123.000000 23.876104 0.000000
-122.000000 23.876104 0.000000
-121.000000 23.876104 0.000000
-120.000000 23.876104 0.000000
-119.000000 23.876104 0.000000
-118.000000 23.876104 0.000000
-117.000000 23.876104 0.000000
-116.000000 23.876104 0.000000
-115.000000 23.876104 0.000000
-114.000000 23.876104 0.000000
-113.000000 23.876104 0.000000
-112.000000 23.876104 0.000000
-111.000000 23.876104 0.000000
-110.000000 23.876104 0.000000
-109.000000 23.876104 0.000000
-108.000000 23.876104 0.000000
-107.000000 23.876104 0.000000
-106.000000 23.876104 0.000000
-105.000000 23.876104 0.000000
-104.000000 23.876104 0.000000
-103.000000 23.876104 0.000000
-102.000000 23.876104 0.000000
-101.000000 23.876104 0.000000
-100.000000 23.876104 0.000000
-99.000000 23.876104 0.000000
-98.000000 23.876104 0.000000
-97.000000 23.876104 0.000000
-96.000000 23.876104 0.000000
-95.000000 23.876104 0.000000
-94.000000 23.876104 0.000000
-93.000000 23.876104 0.000000
-92.000000 23.876104 0.000000
-91.000000 23.876104 0.000000
-90.000000 23.876104 0.000000
-89.000000 23.876104 0.000000
-88.000000 23.876104 0.000000
-87.000000 23.876104 0.000000
-86.000000 23.876104 0.000000
-85.000000 23.876104 0.000000
-84.000000 23.876104 0.000000
-83.000000 23.876104 0.000000
-82.000000 23.876104 0.000000
-81.000000 23.876104 0.000000
-80.000000 23.876104 0.000000
-79.000000 23.876104 0.000000
-78.000000 23.876104 0.000000
-77.000000 23.876104 0.000000
-76.000000 23.876104 0.000000
-75.000000 23.876104 0.000000
-74.000000 23.876104 0.000000
-73.000000 23.876104 0.000000
-72.000000 23.876104 0.000000
-71.000000 23.876104 0.000000
-70.000000 23.876104 0.000000
-69.000000 23.876104 0.000000
-68.000000 23.876104 0.000000
-67.000000 23.876104 0.000000
-66.000000 23.876104 0.000000
-65.000000 23.876104 0.000000
-64.000000 23.876104 0.000000
-63.000000 23.876104 0.000000
-62.000000 23.876104 0.000000
-61.000000 23.876104 0.000000
-60.000000 23.876104 0.000000
-59.000000 23.876104 0.000000
-58.000000 23.876104 0.000000
-57.000000 23.876104 0.000000
-56.000000 23.876104 0.000000
-55.000000 23.876104 0.000000
-54.000000 23.876104 0.000000
-53.000000 23.876104 0.000000
-52.000000 23.876104 0.000000
-51.000000 23.876104 0.000000
-50.000000 23.876104 0.000000
-49.000000 23.876104 0.000001
-48.000000 23.876104 0.000010
-47.000000 23.876104 0.000103
-46.000000 23.876104 0.000804
-45.000000 23.876104 0.004609
-44.000000 23.876104 0.018556
-43.000000 23.876104 0.049381
-42.000000 23.876104 0.081345
-41.000000 23.876104 0.086656
-40.000000 23.876104 0.094668
-39.000000 23.876104 0.114231
-38.000000 23.876104 0.114747
-37.000000 23.876104 0.134922
-36.000000 23.876104 0.134069
-35.000000 23.876104 0.149327
-34.000000 23.876104 0.152757
-33.000000 23.876104 0.159623
-32.000000 23.876104 0.175226
-31.000000 23.876104 0.176495
-30.000000 23.876104 0.180217
-29.000000 23.876104 0.195182
-28.000000 23.876104 0.207340
-27.000000 23.876104 0.207910
-26.000000 23.876104 0.208021
-25.000000 23.876104 0.211548
-24.000000 23.876104 0.223418
-23.000000 23.876104 0.233843
-22.000000 23.876104 0.248115
-21.000000 23.876104 0.260898
-20.000000 23.876104 0.273773
-19.000000 23.876104 0.287782
-18.000000 23.876104 0.304358
-17.000000 23.876104 0.311845
-16.000000 23.876104 0.323154
-15.000000 23.876104 0.327897
-14.000000 23.876104 0.326173
-13.000000 23.876104 0.334396
-12.000000 23.876104 0.338474
-11.000000 23.876104 0.353833
-10.000000 23.876104 0.355544
-9.000000 23.876104 0.359617
-8.000000 23.876104 0.374460
-7.000000 23.876104 0.379062
-6.000000 23.876104 0.381986
-5.000000 23.876104 0.394754
-4.000000 23.876104 0.378491
-3.000000 23.876104 0.367994
-2.000000 23.876104 0.338355
-1.000000 23.876104 0.351324
0.000000 23.876104 0.354937
1.000000 23.876104 0.339463
2.000000 23.876104 0.370457
3.000000 23.876104 0.384190
4.000000 23.876104 0.395700
5.000000 23.876104 0.387371
6.000000 23.876104 0.378307
7.000000 23.876104 0.374936
8.000000 23.876104 0.359456
9.000000 23.876104 0.359002
10.000000 23.876104 0.353694
11.000000 23.876104 0.336003
12.000000 23.876104 0.328575
13.000000 23.876104 0.327879
14.000000 23.876104 0.325071
15.000000 23.876104 0.321980
16.000000 23.876104 0.312882
17.000000 23.876104 0.301553
18.000000 23.876104 0.286215
19.000000 23.876104 0.271361
20.000000 23.876104 0.261760
21.000000 23.876104 0.246613
22.000000 23.876104 0.231566
23.000000 23.876104 0.220193
24.000000 23.876104 0.211967
25.000000 23.876104 0.207838
26.000000 23.876104 0.209468
27.000000 23.876104 0.206145
28.000000 23.876104 0.193273
29.000000 23.876104 0.183117
30.000000 23.876104 0.179872
31.000000 23.876104 0.176365
32.000000 23.876104 0.159473
33.000000 23.876104 0.152196
34.000000 23.876104 0.149350
35.000000 23.876104 0.134208
36.000000 23.876104 0.132957
37.000000 23.876104 0.113295
38.000000 23.876104 0.114319
39.000000 23.876104 0.094609
40.000000 23.876104 0.086006
41.000000 23.876104 0.080459
42.000000 23.876104 0.048790
43.000000 23.876104 0.018325
44.000000 23.876104 0.004550
45.000000 23.876104 0.000794
46.000000 23.876104 0.000102
47.000000 23.876104 0.000010
48.000000 23.876104 0.000001
49.000000 23.876104 0.000000
50.000000 23.876104 0.000000
51.000000 23.876104 0.000000
52.000000 23.876104 0.000000
53.000000 23.876104 0.000000
54.000000 23.876104 0.000000
55.000000 23.876104 0.000000
56.000000 23.876104 0.000000
57.000000 23.876104 0.000000
58.000000 23.876104 0.000000
59.000000 23.876104 0.000000
60.000000 23.876104 0.000000
61.000000 23.876104 0.000000
62.000000 23.876104 0.000000
63.000000 23.876104 0.000000
64.000000 23.876104 0.000000
65.000000 23.876104 0.000000
66.000000 23.876104 0.000000
67.000000 23.876104 0.000000
68.000000 23.876104 0.000000
69.000000 23.876104 0.000000
70.000000 23.876104 0.000000
71.000000 23.876104 0.000000
72.000000 23.876104 0.000000
73.000000 23.876104 0.000000
74.000000 23.876104 0.000000
75.000000 23.876104 0.000000
76.000000 23.876104 0.000000
77.000000 23.876104 0.000000
78.000000 23.876104 0.000000
79.000000 23.876104 0.000000
80.000000 23.876104 0.000000
81.000000 23.876104 0.000000
82.000000 23.876104 0.000000
83.000000 23.876104 0.000000
84.000000 23.876104 0.000000
85.000000 23.876104 0.000000
86.000000 23.876104 0.000000
87.000000 23.876104 0.000000
88.000000 23.876104 0.000000
89.000000 23.876104 0.000000
90.000000 23.876104 0.000000
91.000000 23.876104 0.000000
92.000000 23.876104 0.000000
93.000000 23.876104 0.000000
94.000000 23.876104 0.000000
95.000000 23.876104 0.000000
96.000000 23.876104 0.000000
97.000000 23.876104 0.000000
98.000000 23.876104 0.000000
99.000000 23.876104 0.000000
100.000000 23.876104 0.000000
101.000000 23.876104 0.000000
102.000000 23.876104 0.000000
103.000000 23.876104 0.000000
104.000000 23.876104 0.000000
105.000000 23.876104 0.000000
106.000000 23.876104 0.000000
107.000000 23.876104 0.000000
108.000000 23.876104 0.000000
109.000000 23.876104 0.000000
110.000000 23.876104 0.000000
111.000000 23.876104 0.000000
112.000000 23.876104 0.000000
113.000000 23.876104 0.000000
114.000000 23.876104 0.000000
115.000000 23.876104 0.000000
116.000000 23.876104 0.000000
117.000000 23.876104 0.000000
118.000000 23.876104 0.000000
119.000000 23.876104 0.000000
120.000000 23.876104 0.000000
121.000000 23.876104 0.000000
122.000000 23.876104 0.000000
123.000000 23.876104 0.000000
124.000000 23.876104 0.000000
125.000000 23.876104 0.000000
126.000000 23.876104 0.000000
127.000000 23.876104 0.000000
128.000000 23.876104 0.000000
129.000000 23.876104 0.000000
130.000000 23.876104 0.000000
131.000000 23.876104 0.000000
132.000000 23.876104 0.000000
133.000000 23.876104 0.000000
134.000000 23.876104 0.000000
135.000000 23.876104 0.000000
136.000000 23.876104 0.000000
137.000000 23.876104 0.000000
138.000000 23.876104 0.000000
139.000000 23.876104 0.000000
140.000000 23.876104 0.000000
141.000000 23.876104 0.000000
142.000000 23.876104 0.000000
143.000000 23.876104 0.000000
144.000000 23.876104 0.000000
145.000000 23.876104 0.000000
146.000000 23.876104 0.000000
147.000000 23.876104 0.000000
148.000000 23.876104 0.000000
149.000000 23.876104 0.000000
150.000000 23.876104 0.000000
151.000000 23.876104 0.000000
152.000000 23.876104 0.000000
153.000000 23.876104 0.000000
154.000000 23.876104 0.000000
155.000000 23.876104 0.000000
156.000000 23.876104 0.000000
157.000000 23.876104 0.000000
158.000000 23.876104 0.000000
159.000000 23.876104 0.000000
160.000000 23.876104 0.000000
161.000000 23.876104 0.000000
162.000000 23.876104 0.000000
163.000000 23.876104 0.000000
164.000000 23.876104 0.000000
165.000000 23.876104 0.000000
166.000000 23.876104 0.000000
167.000000 23.876104 0.000000
168.000000 23.876104 0.000000
169.000000 23.876104 0.000000
170.000000 23.876104 0.000000
171.000000 23.876104 0.000000
172.000000 23.876104 0.000000
173.000000 23.876104 0.000000
174.000000 23.876104 0.000000
175.000000 23.876104 0.000000
176.000000 23.876104 0.000000
177.000000 23.876104 0.000000
178.000000 23.876104 0.000000
179.000000 23.876104 0.000000
180.000000 23.876104 0.000000
181.000000 23.876104 0.000000
182.000000 23.876104 0.000000
183.000000 23.876104 0.000000
184.000000 23.876104 0.000000
185.000000 23.876104 0.000000
186.000000 23.876104 0.000000
187.000000 23.876104 0.000000
188.000000 23.876104 0.000000
189.000000 23.876104 0.000000
190.000000 23.876104 0.000000
191.000000 23.876104 0.000000
192.000000 23.876104 0.000000
193.000000 23.876104 0.000000
194.000000 23.876104 0.000000
195.000000 23.876104 0.000000
196.000000 23.876104 0.000000
197.000000 23.876104 0.000000
198.000000 23.876104 0.000000
199.000000 23.876104 0.000000
200.000000 23.876104 0.000000
