-200.000000 26.389378 0.000000
-199.000000 26.389378 0.000000
-198.000000 26.389378 0.000000
-197.000000 26.389378 0.000000
-196.000000 26.389378 0.000000
-195.000000 26.389378 0.000000
-194.000000 26.389378 0.000000
-193.000000 26.389378 0.000000
-192.000000 26.389378 0.000000
-191.000000 26.389378 0.000000
-190.000000 26.389378 0.000000
-189.000000 26.389378 0.000000
-188.000000 26.389378 0.000000
-187.000000 26.389378 0.000000
-186.000000 26.389378 0.000000
-185.000000 26.389378 0.000000
-184.000000 26.389378 0.000000
-183.000000 26.389378 0.000000
-182.000000 26.389378 0.000000
-181.000000 26.389378 0.000000
-180.000000 26.389378 0.000000
-179.000000 26.389378 0.000000
-178.000000 26.389378 0.000000
-177.000000 26.389378 0.000000
-176.000000 26.389378 0.000000
-175.000000 26.389378 0.000000
-174.000000 26.389378 0.000000
-173.000000 26.389378 0.000000
-172.000000 26.389378 0.000000
-171.000000 26.389378 0.000000
-170.000000 26.389378 0.000000
-169.000000 26.389378 0.000000
-168.000000 26.389378 0.000000
-167.000000 26.389378 0.000000
-166.000000 26.389378 0.000000
-165.000000 26.389378 0.000000
-164.000000 26.389378 0.000000
-163.000000 26.389378 0.000000
-162.000000 26.389378 0.000000
-161.000000 26.389378 0.000000
-160.000000 26.389378 0.000000
-159.000000 26.389378 0.000000
-158.000000 26.389378 0.000000
-157.000000 26.389378 0.000000
-156.000000 26.389378 0.000000
-155.000000 26.389378 0.000000
-154.000000 26.389378 0.000000
-153.000000 26.389378 0.000000
-152.000000 26.389378 0.000000
-151.000000 26.389378 0.000000
-150.000000 26.389378 0.000000
-149.000000 26.389378 0.000000
-148.000000 26.389378 0.000000
-147.000000 26.389378 0.000000
-146.000000 26.389378 0.000000
-145.000000 26.389378 0.000000
-144.000000 26.389378 0.000000
-143.000000 26.389378 0.000000
-142.000000 26.389378 0.000000
-141.000000 26.389378 0.000000
-140.000000 26.389378 0.000000
-139.000000 26.389378 0.000000
-138.000000 26.389378 0.000000
-137.000000 26.389378 0.000000
-136.000000 26.389378 0.000000
-135.000000 26.389378 0.000000
-134.000000 26.389378 0.000000
-133.000000 26.389378 0.000000
-132.000000 26.389378 0.000000
-131.000000 26.389378 0.000000
-130.000000 26.389378 0.000000
-129.000000 26.389378 0.000000
-128.000000 26.389378 0.000000
-127.000000 26.389378 0.000000
-126.000000 26.389378 0.000000
-125.000000 26.389378 0.000000
-124.000000 26.389378 0.000000
-123.000000 26.389378 0.000000
-122.000000 26.389378 0.000000
-121.000000 26.389378 0.000000
-120.000000 26.389378 0.000000
-119.000000 26.389378 0.000000
-118.000000 26.389378 0.000000
-117.000000 26.389378 0.000000
-116.000000 26.389378 0.000000
-115.000000 26.389378 0.000000
-114.000000 26.389378 0.000000
-113.000000 26.389378 0.000000
-112.000000 26.389378 0.000000
-111.000000 26.389378 0.000000
-110.000000 26.389378 0.000000
-109.000000 26.389378 0.000000
-108.000000 26.389378 0.000000
-107.000000 26.389378 0.000000
-106.000000 26.389378 0.000000
-105.000000 26.389378 0.000000
-104.000000 26.389378 0.000000
-103.000000 26.389378 0.000000
-102.000000 26.389378 0.000000
-101.000000 26.389378 0.000000
-100.000000 26.389378 0.000000
-99.000000 26.389378 0.000000
-98.000000 26.389378 0.000000
-97.000000 26.389378 0.000000
-96.000000 26.389378 0.000000
-95.000000 26.389378 0.000000
-94.000000 26.389378 0.000000
-93.000000 26.389378 0.000000
-92.000000 26.389378 0.000000
-91.000000 26.389378 0.000000
-90.000000 26.389378 0.000000
-89.000000 26.389378 0.000000
-88.000000 26.389378 0.000000
-87.000000 26.389378 0.000000
-86.000000 26.389378 0.000000
-85.000000 26.389378 0.000000
-84.000000 26.389378 0.000000
-83.000000 26.389378 0.000000
-82.000000 26.389378 0.000000
-81.000000 26.389378 0.000000
-80.000000 26.389378 0.000000
-79.000000 26.389378 0.000000
-78.000000 26.389378 0.000000
-77.000000 26.389378 0.000000
-76.000000 26.389378 0.000000
-75.000000 26.389378 0.000000
-74.000000 26.389378 0.000000
-73.000000 26.389378 0.000000
-72.000000 26.389378 0.000000
-71.000000 26.389378 0.000000
-70.000000 26.389378 0.000000
-69.000000 26.389378 0.000000
-68.000000 26.389378 0.000000
-67.000000 26.389378 0.000000
-66.000000 26.389378 0.000000
-65.000000 26.389378 0.000000
-64.000000 26.389378 0.000000
-63.000000 26.389378 0.000000
-62.000000 26.389378 0.000000
-61.000000 26.389378 0.000000
-60.000000 26.389378 0.000000
-59.000000 26.389378 0.000000
-58.000000 26.389378 0.000000
-57.000000 26.389378 0.000000
-56.000000 26.389378 0.000000
-55.000000 26.389378 0.000000
-54.000000 26.389378 0.000000
-53.000000 26.389378 0.000000
-52.000000 26.389378 0.000000
-51.000000 26.389378 0.000004
-50.000000 26.389378 0.000042
-49.000000 26.389378 0.000345
-48.000000 26.389378 0.002128
-47.000000 26.389378 0.009635
-46.000000 26.389378 0.030500
-45.000000 26.389378 0.063558
-44.000000 26.389378 0.083805
-43.000000 26.389378 0.083543
-42.000000 26.389378 0.099836
-41.000000 26.389378 0.110359
-40.000000 26.389378 0.116165
-39.000000 26.389378 0.130662
-38.000000 26.389378 0.132713
-37.000000 26.389378 0.142931
-36.000000 26.389378 0.150629
-35.000000 26.389378 0.154481
-34.000000 26.389378 0.168656
-33.000000 26.389378 0.171594
-32.000000 26.389378 0.173657
-31.000000 26.389378 0.188870
-30.000000 26.389378 0.197660
-29.000000 26.389378 0.196489
-28.000000 26.389378 0.198824
-27.000000 26.389378 0.207938
-26.000000 26.389378 0.221724
-25.000000 26.389378 0.232499
-24.000000 26.389378 0.239951
-23.000000 26.389378 0.242410
-22.000000 26.389378 0.245551
-21.000000 26.389378 0.245760
-20.000000 26.389378 0.249128
-19.000000 26.389378 0.245876
-18.000000 26.389378 0.249260
-17.000000 26.389378 0.252600
-16.000000 26.389378 0.258440
-15.000000 26.389378 0.274509
-14.000000 26.389378 0.282250
-13.000000 26.389378 0.291525
-12.000000 26.389378 0.296718
-11.000000 26.389378 0.295239
-10.000000 26.389378 0.301827
-9.000000 26.389378 0.314811
-8.000000 26.389378 0.316997
-7.000000 26.389378 0.310382
-6.000000 26.389378 0.306369
-5.000000 26.389378 0.275710
-4.000000 26.389378 0.263875
-3.000000 26.389378 0.271660
-2.000000 26.389378 0.260515
-1.000000 26.389378 0.263463
0.000000 26.389378 0.263257
1.000000 26.389378 0.262275
2.000000 26.389378 0.275805
3.000000 26.389378 0.263470
4.000000 26.389378 0.277359
5.000000 26.389378 0.307741
6.000000 26.389378 0.311816
7.000000 26.389378 0.318126
8.000000 26.389378 0.313605
9.000000 26.389378 0.305970
10.000000 26.389378 0.292979
11.000000 26.389378 0.293382
12.000000 26.389378 0.293066
13.000000 26.389378 0.281200
14.000000 26.389378 0.269452
15.000000 26.389378 0.259641
16.000000 26.389378 0.251670
17.000000 26.389378 0.248674
18.000000 26.389378 0.246902
19.000000 26.389378 0.245895
20.000000 26.389378 0.244383
21.000000 26.389378 0.242300
22.000000 26.389378 0.243668
23.000000 26.389378 0.238768
24.000000 26.389378 0.228752
25.000000 26.389378 0.219075
26.000000 26.389378 0.208209
27.000000 26.389378 0.199850
28.000000 26.389378 0.198018
29.000000 26.389378 0.196865
30.000000 26.389378 0.186475
31.000000 26.389378 0.176154
32.000000 26.389378 0.174915
33.000000 26.389378 0.170114
34.000000 26.389378 0.154714
35.000000 26.389378 0.149861
36.000000 26.389378 0.142898
37.000000 26.389378 0.133095
38.000000 26.389378 0.129526
39.000000 26.389378 0.114160
40.000000 26.389378 0.110037
41.000000 26.389378 0.099978
42.000000 26.389378 0.083185
43.000000 26.389378 0.082989
44.000000 26.389378 0.062824
45.000000 26.389378 0.030127
46.000000 26.389378 0.009514
47.000000 26.389378 0.002100
48.000000 26.389378 0.000340
49.000000 26.389378 0.000042
50.000000 26.389378 0.000004
51.000000 26.389378 0.000000
52.000000 26.389378 0.000000
53.000000 26.389378 0.000000
54.000000 26.389378 0.000000
55.000000 26.389378 0.000000
56.000000 26.389378 0.000000
57.000000 26.389378 0.000000
58.000000 26.389378 0.000000
59.000000 26.389378 0.000000
60.000000 26.389378 0.000000
61.000000 26.389378 0.000000
62.000000 26.389378 0.000000
63.000000 26.389378 0.000000
64.000000 26.389378 0.000000
65.000000 26.389378 0.000000
66.000000 26.389378 0.000000
67.000000 26.389378 0.000000
68.000000 26.389378 0.000000
69.000000 26.389378 0.000000
70.000000 26.389378 0.000000
71.000000 26.389378 0.000000
72.000000 26.389378 0.000000
73.000000 26.389378 0.000000
74.000000 26.389378 0.000000
75.000000 26.389378 0.000000
76.000000 26.389378 0.000000
77.000000 26.389378 0.000000
78.000000 26.389378 0.000000
79.000000 26.389378 0.000000
80.000000 26.389378 0.000000
81.000000 26.389378 0.000000
82.000000 26.389378 0.000000
83.000000 26.389378 0.000000
84.000000 26.389378 0.000000
85.000000 26.389378 0.000000
86.000000 26.389378 0.000000
87.000000 26.389378 0.000000
88.000000 26.389378 0.000000
89.000000 26.389378 0.000000
90.000000 26.389378 0.000000
91.000000 26.389378 0.000000
92.000000 26.389378 0.000000
93.000000 26.389378 0.000000
94.000000 26.389378 0.000000
95.000000 26.389378 0.000000
96.000000 26.389378 0.000000
97.000000 26.389378 0.000000
98.000000 26.389378 0.000000
99.000000 26.389378 0.000000
100.000000 26.389378 0.000000
101.000000 26.389378 0.000000
102.000000 26.389378 0.000000
103.000000 26.389378 0.000000
104.000000 26.389378 0.000000
105.000000 26.389378 0.000000
106.000000 26.389378 0.000000
107.000000 26.389378 0.000000
108.000000 26.389378 0.000000
109.000000 26.389378 0.000000
110.000000 26.389378 0.000000
111.000000 26.389378 0.000000
112.000000 26.389378 0.000000
113.000000 26.389378 0.000000
114.000000 26.389378 0.000000
115.000000 26.389378 0.000000
116.000000 26.389378 0.000000
117.000000 26.389378 0.000000
118.000000 26.389378 0.000000
119.000000 26.389378 0.000000
120.000000 26.389378 0.000000
121.000000 26.389378 0.000000
122.000000 26.389378 0.000000
123.000000 26.389378 0.000000
124.000000 26.389378 0.000000
125.000000 26.389378 0.000000
126.000000 26.389378 0.000000
127.000000 26.389378 0.000000
128.000000 26.389378 0.000000
129.000000 26.389378 0.000000
130.000000 26.389378 0.000000
131.000000 26.389378 0.000000
132.000000 26.389378 0.000000
133.000000 26.389378 0.000000
134.000000 26.389378 0.000000
135.000000 26.389378 0.000000
136.000000 26.389378 0.000000
137.000000 26.389378 0.000000
138.000000 26.389378 0.000000
139.000000 26.389378 0.000000
140.000000 26.389378 0.000000
141.000000 26.389378 0.000000
142.000000 26.389378 0.000000
143.000000 26.389378 0.000000
144.000000 26.389378 0.000000
145.000000 26.389378 0.000000
146.000000 26.389378 0.000000
147.000000 26.389378 0.000000
148.000000 26.389378 0.000000
149.000000 26.389378 0.000000
150.000000 26.389378 0.000000
151.000000 26.389378 0.000000
152.000000 26.389378 0.000000
153.000000 26.389378 0.000000
154.000000 26.389378 0.000000
155.000000 26.389378 0.000000
156.000000 26.389378 0.000000
157.000000 26.389378 0.000000
158.000000 26.389378 0.000000
159.000000 26.389378 0.000000
160.000000 26.389378 0.000000
161.000000 26.389378 0.000000
162.000000 26.389378 0.000000
163.000000 26.389378 0.000000
164.000000 26.389378 0.000000
165.000000 26.389378 0.000000
166.000000 26.389378 0.000000
167.000000 26.389378 0.000000
168.000000 26.389378 0.000000
169.000000 26.389378 0.000000
170.000000 26.389378 0.000000
171.000000 26.389378 0.000000
172.000000 26.389378 0.000000
173.000000 26.389378 0.000000
174.000000 26.389378 0.000000
175.000000 26.389378 0.000000
176.000000 26.389378 0.000000
177.000000 26.389378 0.000000
178.000000 26.389378 0.000000
179.000000 26.389378 0.000000
180.000000 26.389378 0.000000
181.000000 26.389378 0.000000
182.000000 26.389378 0.000000
183.000000 26.389378 0.000000
184.000000 26.389378 0.000000
185.000000 26.389378 0.000000
186.000000 26.389378 0.000000
187.000000 26.389378 0.000000
188.000000 26.389378 0.000000
189.000000 26.389378 0.000000
190.000000 26.389378 0.000000
191.000000 26.389378 0.000000
192.000000 26.389378 0.000000
193.000000 26.389378 0.000000
194.000000 26.389378 0.000000
195.000000 26.389378 0.000000
196.000000 26.389378 0.000000
197.000000 26.389378 0.000000
198.000000 26.389378 0.000000
199.000000 26.389378 0.000000
200.000000 26.389378 0.000000
