-200.000000 35.499997 0.000000
-199.000000 35.499997 0.000000
-198.000000 35.499997 0.000000
-197.000000 35.499997 0.000000
-196.000000 35.499997 0.000000
-195.000000 35.499997 0.000000
-194.000000 35.499997 0.000000
-193.000000 35.499997 0.000000
-192.000000 35.499997 0.000000
-191.000000 35.499997 0.000000
-190.000000 35.499997 0.000000
-189.000000 35.499997 0.000000
-188.000000 35.499997 0.000000
-187.000000 35.499997 0.000000
-186.000000 35.499997 0.000000
-185.000000 35.499997 0.000000
-184.000000 35.499997 0.000000
-183.000000 35.499997 0.000000
-182.000000 35.499997 0.000000
-181.000000 35.499997 0.000000
-180.000000 35.499997 0.000000
-179.000000 35.499997 0.000000
-178.000000 35.499997 0.000000
-177.000000 35.499997 0.000000
-176.000000 35.499997 0.000000
-175.000000 35.499997 0.000000
-174.000000 35.499997 0.000000
-173.000000 35.499997 0.000000
-172.000000 35.499997 0.000000
-171.000000 35.499997 0.000000
-170.000000 35.499997 0.000000
-169.000000 35.499997 0.000000
-168.000000 35.499997 0.000000
-167.000000 35.499997 0.000000
-166.000000 35.499997 0.000000
-165.000000 35.499997 0.000000
-164.000000 35.499997 0.000000
-163.000000 35.499997 0.000000
-162.000000 35.499997 0.000000
-161.000000 35.499997 0.000000
-160.000000 35.499997 0.000000
-159.000000 35.499997 0.000000
-158.000000 35.499997 0.000000
-157.000000 35.499997 0.000000
-156.000000 35.499997 0.000000
-155.000000 35.499997 0.000000
-154.000000 35.499997 0.000000
-153.000000 35.499997 0.000000
-152.000000 35.499997 0.000000
-151.000000 35.499997 0.000000
-150.000000 35.499997 0.000000
-149.000000 35.499997 0.000000
-148.000000 35.499997 0.000000
-147.000000 35.499997 0.000000
-146.000000 35.499997 0.000000
-145.000000 35.499997 0.000000
-144.000000 35.499997 0.000000
-143.000000 35.499997 0.000000
-142.000000 35.499997 0.000000
-141.000000 35.499997 0.000000
-140.000000 35.499997 0.000000
-139.000000 35.499997 0.000000
-138.000000 35.499997 0.000000
-137.000000 35.499997 0.000000
-136.000000 35.499997 0.000000
-135.000000 35.499997 0.000000
-134.000000 35.499997 0.000000
-133.000000 35.499997 0.000000
-132.000000 35.499997 0.000000
-131.000000 35.499997 0.000000
-130.000000 35.499997 0.000000
-129.000000 35.499997 0.000000
-128.000000 35.499997 0.000000
-127.000000 35.499997 0.000000
-126.000000 35.499997 0.000000
-125.000000 35.499997 0.000000
-124.000000 35.499997 0.000000
-123.000000 35.499997 0.000000
-122.000000 35.499997 0.000000
-121.000000 35.499997 0.000000
-120.000000 35.499997 0.000000
-119.000000 35.499997 0.000000
-118.000000 35.499997 0.000000
-117.000000 35.499997 0.000000
-116.000000 35.499997 0.000000
-115.000000 35.499997 0.000000
-114.000000 35.499997 0.000000
-113.000000 35.499997 0.000000
-112.000000 35.499997 0.000000
-111.000000 35.499997 0.000000
-110.000000 35.499997 0.000000
-109.000000 35.499997 0.000000
-108.000000 35.499997 0.000000
-107.000000 35.499997 0.000000
-106.000000 35.499997 0.000000
-105.000000 35.499997 0.000000
-104.000000 35.499997 0.000000
-103.000000 35.499997 0.000000
-102.000000 35.499997 0.000000
-101.000000 35.499997 0.000000
-100.000000 35.499997 0.000000
-99.000000 35.499997 0.000000
-98.000000 35.499997 0.000000
-97.000000 35.499997 0.000000
-96.000000 35.499997 0.000000
-95.000000 35.499997 0.000000
-94.000000 35.499997 0.000000
-93.000000 35.499997 0.000000
-92.000000 35.499997 0.000000
-91.000000 35.499997 0.000000
-90.000000 35.499997 0.000000
-89.000000 35.499997 0.000000
-88.000000 35.499997 0.000000
-87.000000 35.499997 0.000000
-86.000000 35.499997 0.000000
-85.000000 35.499997 0.000000
-84.000000 35.499997 0.000000
-83.000000 35.499997 0.000000
-82.000000 35.499997 0.000000
-81.000000 35.499997 0.000000
-80.000000 35.499997 0.000000
-79.000000 35.499997 0.000000
-78.000000 35.499997 0.000000
-77.000000 35.499997 0.000000
-76.000000 35.499997 0.000000
-75.000000 35.499997 0.000000
-74.000000 35.499997 0.000000
-73.000000 35.499997 0.000000
-72.000000 35.499997 0.000000
-71.000000 35.499997 0.000000
-70.000000 35.499997 0.000000
-69.000000 35.499997 0.000000
-68.000000 35.499997 0.000000
-67.000000 35.499997 0.000000
-66.000000 35.499997 0.000000
-65.000000 35.499997 0.000000
-64.000000 35.499997 0.000000
-63.000000 35.499997 0.000000
-62.000000 35.499997 0.000000
-61.000000 35.499997 0.000001
-60.000000 35.499997 0.000012
-59.000000 35.499997 0.000093
-58.000000 35.499997 0.000565
-57.000000 35.499997 0.002734
-56.000000 35.499997 0.010174
-55.000000 35.499997 0.028087
-54.000000 35.499997 0.055043
-53.000000 35.499997 0.074215
-52.000000 35.499997 0.075444
-51.000000 35.499997 0.082671
-50.000000 35.499997 0.098604
-49.000000 35.499997 0.099623
-48.000000 35.499997 0.111981
-47.000000 35.499997 0.116029
-46.000000 35.499997 0.121846
-45.000000 35.499997 0.128281
-44.000000 35.499997 0.134979
-43.000000 35.499997 0.140153
-42.000000 35.499997 0.149567
-41.000000 35.499997 0.149423
-40.000000 35.499997 0.158979
-39.000000 35.499997 0.165382
-38.000000 35.499997 0.165629
-37.000000 35.499997 0.174973
-36.000000 35.499997 0.179941
-35.000000 35.499997 0.180544
-34.000000 35.499997 0.188093
-33.000000 35.499997 0.197640
-32.000000 35.499997 0.202347
-31.000000 35.499997 0.199602
-30.000000 35.499997 0.205179
-29.000000 35.499997 0.213409
-28.000000 35.499997 0.223080
-27.000000 35.499997 0.227032
-26.000000 35.499997 0.229894
-25.000000 35.499997 0.232005
-24.000000 35.499997 0.232921
-23.000000 35.499997 0.232951
-22.000000 35.499997 0.232834
-21.000000 35.499997 0.233238
-20.000000 35.499997 0.232415
-19.000000 35.499997 0.235135
-18.000000 35.499997 0.237361
-17.000000 35.499997 0.230801
-16.000000 35.499997 0.226588
-15.000000 35.499997 0.208529
-14.000000 35.499997 0.185335
-13.000000 35.499997 0.173297
-12.000000 35.499997 0.181793
-11.000000 35.499997 0.181779
-10.000000 35.499997 0.169651
-9.000000 35.499997 0.169078
-8.000000 35.499997 0.160000
-7.000000 35.499997 0.164463
-6.000000 35.499997 0.164407
-5.000000 35.499997 0.158994
-4.000000 35.499997 0.156119
-3.000000 35.499997 0.161535
-2.000000 35.499997 0.154156
-1.000000 35.499997 0.158040
0.000000 35.499997 0.158422
1.000000 35.499997 0.153819
2.000000 35.499997 0.161720
3.000000 35.499997 0.157428
4.000000 35.499997 0.159821
5.000000 35.499997 0.164564
6.000000 35.499997 0.163481
7.000000 35.499997 0.160587
8.000000 35.499997 0.169181
9.000000 35.499997 0.169650
10.000000 35.499997 0.183560
11.000000 35.499997 0.181844
12.000000 35.499997 0.173080
13.000000 35.499997 0.187777
14.000000 35.499997 0.208626
15.000000 35.499997 0.228235
16.000000 35.499997 0.234525
17.000000 35.499997 0.234847
18.000000 35.499997 0.235548
19.000000 35.499997 0.233552
20.000000 35.499997 0.232909
21.000000 35.499997 0.233549
22.000000 35.499997 0.232167
23.000000 35.499997 0.231205
24.000000 35.499997 0.230969
25.000000 35.499997 0.228089
26.000000 35.499997 0.226668
27.000000 35.499997 0.220662
28.000000 35.499997 0.209311
29.000000 35.499997 0.203978
30.000000 35.499997 0.199644
31.000000 35.499997 0.201698
32.000000 35.499997 0.196401
33.000000 35.499997 0.185417
34.000000 35.499997 0.180656
35.000000 35.499997 0.181765
36.000000 35.499997 0.175700
37.000000 35.499997 0.166478
38.000000 35.499997 0.164499
39.000000 35.499997 0.159998
40.000000 35.499997 0.151374
41.000000 35.499997 0.150784
42.000000 35.499997 0.141080
43.000000 35.499997 0.134568
44.000000 35.499997 0.127883
45.000000 35.499997 0.122173
46.000000 35.499997 0.116308
47.000000 35.499997 0.110418
48.000000 35.499997 0.098286
49.000000 35.499997 0.098485
50.000000 35.499997 0.082803
51.000000 35.499997 0.075108
52.000000 35.499997 0.073507
53.000000 35.499997 0.054415
54.000000 35.499997 0.027747
55.000000 35.499997 0.010047
56.000000 35.499997 0.002699
57.000000 35.499997 0.000558
58.000000 35.499997 0.000091
59.000000 35.499997 0.000012
60.000000 35.499997 0.000001
61.000000 35.499997 0.000000
62.000000 35.499997 0.000000
63.000000 35.499997 0.000000
64.000000 35.499997 0.000000
65.000000 35.499997 0.000000
66.000000 35.499997 0.000000
67.000000 35.499997 0.000000
68.000000 35.499997 0.000000
69.000000 35.499997 0.000000
70.000000 35.499997 0.000000
71.000000 35.499997 0.000000
72.000000 35.499997 0.000000
73.000000 35.499997 0.000000
74.000000 35.499997 0.000000
75.000000 35.499997 0.000000
76.000000 35.499997 0.000000
77.000000 35.499997 0.000000
78.000000 35.499997 0.000000
79.000000 35.499997 0.000000
80.000000 35.499997 0.000000
81.000000 35.499997 0.000000
82.000000 35.499997 0.000000
83.000000 35.499997 0.000000
84.000000 35.499997 0.000000
85.000000 35.499997 0.000000
86.000000 35.499997 0.000000
87.000000 35.499997 0.000000
88.000000 35.499997 0.000000
89.000000 35.499997 0.000000
90.000000 35.499997 0.000000
91.000000 35.499997 0.000000
92.000000 35.499997 0.000000
93.000000 35.499997 0.000000
94.000000 35.499997 0.000000
95.000000 35.499997 0.000000
96.000000 35.499997 0.000000
97.000000 35.499997 0.000000
98.000000 35.499997 0.000000
99.000000 35.499997 0.000000
100.000000 35.499997 0.000000
101.000000 35.499997 0.000000
102.000000 35.499997 0.000000
103.000000 35.499997 0.000000
104.000000 35.499997 0.000000
105.000000 35.499997 0.000000
106.000000 35.499997 0.000000
107.000000 35.499997 0.000000
108.000000 35.499997 0.000000
109.000000 35.499997 0.000000
110.000000 35.499997 0.000000
111.000000 35.499997 0.000000
112.000000 35.499997 0.000000
113.000000 35.499997 0.000000
114.000000 35.499997 0.000000
115.000000 35.499997 0.000000
116.000000 35.499997 0.000000
117.000000 35.499997 0.000000
118.000000 35.499997 0.000000
119.000000 35.499997 0.000000
120.000000 35.499997 0.000000
121.000000 35.499997 0.000000
122.000000 35.499997 0.000000
123.000000 35.499997 0.000000
124.000000 35.499997 0.000000
125.000000 35.499997 0.000000
126.000000 35.499997 0.000000
127.000000 35.499997 0.000000
128.000000 35.499997 0.000000
129.000000 35.499997 0.000000
130.000000 35.499997 0.000000
131.000000 35.499997 0.000000
132.000000 35.499997 0.000000
133.000000 35.499997 0.000000
134.000000 35.499997 0.000000
135.000000 35.499997 0.000000
136.000000 35.499997 0.000000
137.000000 35.499997 0.000000
138.000000 35.499997 0.000000
139.000000 35.499997 0.000000
140.000000 35.499997 0.000000
141.000000 35.499997 0.000000
142.000000 35.499997 0.000000
143.000000 35.499997 0.000000
144.000000 35.499997 0.000000
145.000000 35.499997 0.000000
146.000000 35.499997 0.000000
147.000000 35.499997 0.000000
148.000000 35.499997 0.000000
149.000000 35.499997 0.000000
150.000000 35.499997 0.000000
151.000000 35.499997 0.000000
152.000000 35.499997 0.000000
153.000000 35.499997 0.000000
154.000000 35.499997 0.000000
155.000000 35.499997 0.000000
156.000000 35.499997 0.000000
157.000000 35.499997 0.000000
158.000000 35.499997 0.000000
159.000000 35.499997 0.000000
160.000000 35.499997 0.000000
161.000000 35.499997 0.000000
162.000000 35.499997 0.000000
163.000000 35.499997 0.000000
164.000000 35.499997 0.000000
165.000000 35.499997 0.000000
166.000000 35.499997 0.000000
167.000000 35.499997 0.000000
168.000000 35.499997 0.000000
169.000000 35.499997 0.000000
170.000000 35.499997 0.000000
171.000000 35.499997 0.000000
172.000000 35.499997 0.000000
173.000000 35.499997 0.000000
174.000000 35.499997 0.000000
175.000000 35.499997 0.000000
176.000000 35.499997 0.000000
177.000000 35.499997 0.000000
178.000000 35.499997 0.000000
179.000000 35.499997 0.000000
180.000000 35.499997 0.000000
181.000000 35.499997 0.000000
182.000000 35.499997 0.000000
183.000000 35.499997 0.000000
184.000000 35.499997 0.000000
185.000000 35.499997 0.000000
186.000000 35.499997 0.000000
187.000000 35.499997 0.000000
188.000000 35.499997 0.000000
189.000000 35.499997 0.000000
190.000000 35.499997 0.000000
191.000000 35.499997 0.000000
192.000000 35.499997 0.000000
193.000000 35.499997 0.000000
194.000000 35.499997 0.000000
195.000000 35.499997 0.000000
196.000000 35.499997 0.000000
197.000000 35.499997 0.000000
198.000000 35.499997 0.000000
199.000000 35.499997 0.000000
200.000000 35.499997 0.000000
