-200.000000 10.995574 0.000000
-199.000000 10.995574 0.000000
-198.000000 10.995574 0.000000
-197.000000 10.995574 0.000000
-196.000000 10.995574 0.000000
-195.000000 10.995574 0.000000
-194.000000 10.995574 0.000000
-193.000000 10.995574 0.000000
-192.000000 10.995574 0.000000
-191.000000 10.995574 0.000000
-190.000000 10.995574 0.000000
-189.000000 10.995574 0.000000
-188.000000 10.995574 0.000000
-187.000000 10.995574 0.000000
-186.000000 10.995574 0.000000
-185.000000 10.995574 0.000000
-184.000000 10.995574 0.000000
-183.000000 10.995574 0.000000
-182.000000 10.995574 0.000000
-181.000000 10.995574 0.000000
-180.000000 10.995574 0.000000
-179.000000 10.995574 0.000000
-178.000000 10.995574 0.000000
-177.000000 10.995574 0.000000
-176.000000 10.995574 0.000000
-175.000000 10.995574 0.000000
-174.000000 10.995574 0.000000
-173.000000 10.995574 0.000000
-172.000000 10.995574 0.000000
-171.000000 10.995574 0.000000
-170.000000 10.995574 0.000000
-169.000000 10.995574 0.000000
-168.000000 10.995574 0.000000
-167.000000 10.995574 0.000000
-166.000000 10.995574 0.000000
-165.000000 10.995574 0.000000
-164.000000 10.995574 0.000000
-163.000000 10.995574 0.000000
-162.000000 10.995574 0.000000
-161.000000 10.995574 0.000000
-160.000000 10.995574 0.000000
-159.000000 10.995574 0.000000
-158.000000 10.995574 0.000000
-157.000000 10.995574 0.000000
-156.000000 10.995574 0.000000
-155.000000 10.995574 0.000000
-154.000000 10.995574 0.000000
-153.000000 10.995574 0.000000
-152.000000 10.995574 0.000000
-151.000000 10.995574 0.000000
-150.000000 10.995574 0.000000
-149.000000 10.995574 0.000000
-148.000000 10.995574 0.000000
-147.000000 10.995574 0.000000
-146.000000 10.995574 0.000000
-145.000000 10.995574 0.000000
-144.000000 10.995574 0.000000
-143.000000 10.995574 0.000000
-142.000000 10.995574 0.000000
-141.000000 10.995574 0.000000
-140.000000 10.995574 0.000000
-139.000000 10.995574 0.000000
-138.000000 10.995574 0.000000
-137.000000 10.995574 0.000000
-136.000000 10.995574 0.000000
-135.000000 10.995574 0.000000
-134.000000 10.995574 0.000000
-133.000000 10.995574 0.000000
-132.000000 10.995574 0.000000
-131.000000 10.995574 0.000000
-130.000000 10.995574 0.000000
-129.000000 10.995574 0.000000
-128.000000 10.995574 0.000000
-127.000000 10.995574 0.000000
-126.000000 10.995574 0.000000
-125.000000 10.995574 0.000000
-124.000000 10.995574 0.000000
-123.000000 10.995574 0.000000
-122.000000 10.995574 0.000000
-121.000000 10.995574 0.000000
-120.000000 10.995574 0.000000
-119.000000 10.995574 0.000000
-118.000000 10.995574 0.000000
-117.000000 10.995574 0.000000
-116.000000 10.995574 0.000000
-115.000000 10.995574 0.000000
-114.000000 10.995574 0.000000
-113.000000 10.995574 0.000000
-112.000000 10.995574 0.000000
-111.000000 10.995574 0.000000
-110.000000 10.995574 0.000000
-109.000000 10.995574 0.000000
-108.000000 10.995574 0.000000
-107.000000 10.995574 0.000000
-106.000000 10.995574 0.000000
-105.000000 10.995574 0.000000
-104.000000 10.995574 0.000000
-103.000000 10.995574 0.000000
-102.000000 10.995574 0.000000
-101.000000 10.995574 0.000000
-100.000000 10.995574 0.000000
-99.000000 10.995574 0.000000
-98.000000 10.995574 0.000000
-97.000000 10.995574 0.000000
-96.000000 10.995574 0.000000
-95.000000 10.995574 0.000000
-94.000000 10.995574 0.000000
-93.000000 10.995574 0.000000
-92.000000 10.995574 0.000000
-91.000000 10.995574 0.000000
-90.000000 10.995574 0.000000
-89.000000 10.995574 0.000000
-88.000000 10.995574 0.000000
-87.000000 10.995574 0.000000
-86.000000 10.995574 0.000000
-85.000000 10.995574 0.000000
-84.000000 10.995574 0.000000
-83.000000 10.995574 0.000000
-82.000000 10.995574 0.000000
-81.000000 10.995574 0.000000
-80.000000 10.995574 0.000000
-79.000000 10.995574 0.000000
-78.000000 10.995574 0.000000
-77.000000 10.995574 0.000000
-76.000000 10.995574 0.000000
-75.000000 10.995574 0.000000
-74.000000 10.995574 0.000000
-73.000000 10.995574 0.000000
-72.000000 10.995574 0.000000
-71.000000 10.995574 0.000000
-70.000000 10.995574 0.000000
-69.000000 10.995574 0.000000
-68.000000 10.995574 0.000000
-67.000000 10.995574 0.000000
-66.000000 10.995574 0.000000
-65.000000 10.995574 0.000000
-64.000000 10.995574 0.000000
-63.000000 10.995574 0.000000
-62.000000 10.995574 0.000000
-61.000000 10.995574 0.000000
-60.000000 10.995574 0.000000
-59.000000 10.995574 0.000000
-58.000000 10.995574 0.000000
-57.000000 10.995574 0.000000
-56.000000 10.995574 0.000000
-55.000000 10.995574 0.000000
-54.000000 10.995574 0.000000
-53.000000 10.995574 0.000000
-52.000000 10.995574 0.000000
-51.000000 10.995574 0.000000
-50.000000 10.995574 0.000000
-49.000000 10.995574 0.000000
-48.000000 10.995574 0.000000
-47.000000 10.995574 0.000000
-46.000000 10.995574 0.000000
-45.000000 10.995574 0.000000
-44.000000 10.995574 0.000000
-43.000000 10.995574 0.000000
-42.000000 10.995574 0.000000
-41.000000 10.995574 0.000000
-40.000000 10.995574 0.000000
-39.000000 10.995574 0.000000
-38.000000 10.995574 0.000000
-37.000000 10.995574 0.000000
-36.000000 10.995574 0.000000
-35.000000 10.995574 0.000001
-34.000000 10.995574 0.000036
-33.000000 10.995574 0.000644
-32.000000 10.995574 0.007253
-31.000000 10.995574 0.046774
-30.000000 10.995574 0.152746
-29.000000 10.995574 0.229510
-28.000000 10.995574 0.252557
-27.000000 10.995574 0.299618
-26.000000 10.995574 0.319738
-25.000000 10.995574 0.354778
-24.000000 10.995574 0.390881
-23.000000 10.995574 0.415196
-22.000000 10.995574 0.457398
-21.000000 10.995574 0.480419
-20.000000 10.995574 0.518767
-19.000000 10.995574 0.539173
-18.000000 10.995574 0.589396
-17.000000 10.995574 0.609621
-16.000000 10.995574 0.611217
-15.000000 10.995574 0.649808
-14.000000 10.995574 0.693588
-13.000000 10.995574 0.714595
-12.000000 10.995574 0.795639
-11.000000 10.995574 0.783041
-10.000000 10.995574 0.913627
-9.000000 10.995574 0.974997
-8.000000 10.995574 0.957757
-7.000000 10.995574 0.928257
-6.000000 10.995574 1.010584
-5.000000 10.995574 0.977959
-4.000000 10.995574 0.977835
-3.000000 10.995574 0.992269
-2.000000 10.995574 1.013553
-1.000000 10.995574 1.007101
0.000000 10.995574 1.057700
1.000000 10.995574 1.004180
2.000000 10.995574 0.966463
3.000000 10.995574 1.018893
4.000000 10.995574 1.020531
5.000000 10.995574 0.997143
6.000000 10.995574 0.996596
7.000000 10.995574 0.913155
8.000000 10.995574 1.030336
9.000000 10.995574 0.868181
10.000000 10.995574 0.828247
11.000000 10.995574 0.770032
12.000000 10.995574 0.721769
13.000000 10.995574 0.692432
14.000000 10.995574 0.656694
15.000000 10.995574 0.605477
16.000000 10.995574 0.592857
17.000000 10.995574 0.552957
18.000000 10.995574 0.544894
19.000000 10.995574 0.484247
20.000000 10.995574 0.493635
21.000000 10.995574 0.470569
22.000000 10.995574 0.447483
23.000000 10.995574 0.386619
24.000000 10.995574 0.333699
25.000000 10.995574 0.316064
26.000000 10.995574 0.282668
27.000000 10.995574 0.243017
28.000000 10.995574 0.223504
29.000000 10.995574 0.148347
30.000000 10.995574 0.045621
31.000000 10.995574 0.007111
32.000000 10.995574 0.000635
33.000000 10.995574 0.000035
34.000000 10.995574 0.000001
35.000000 10.995574 0.000000
36.000000 10.995574 0.000000
37.000000 10.995574 0.000000
38.000000 10.995574 0.000000
39.000000 10.995574 0.000000
40.000000 10.995574 0.000000
41.000000 10.995574 0.000000
42.000000 10.995574 0.000000
43.000000 10.995574 0.000000
44.000000 10.995574 0.000000
45.000000 10.995574 0.000000
46.000000 10.995574 0.000000
47.000000 10.995574 0.000000
48.000000 10.995574 0.000000
49.000000 10.995574 0.000000
50.000000 10.995574 0.000000
51.000000 10.995574 0.000000
52.000000 10.995574 0.000000
53.000000 10.995574 0.000000
54.000000 10.995574 0.000000
55.000000 10.995574 0.000000
56.000000 10.995574 0.000000
57.000000 10.995574 0.000000
58.000000 10.995574 0.000000
59.000000 10.995574 0.000000
60.000000 10.995574 0.000000
61.000000 10.995574 0.000000
62.000000 10.995574 0.000000
63.000000 10.995574 0.000000
64.000000 10.995574 0.000000
65.000000 10.995574 0.000000
66.000000 10.995574 0.000000
67.000000 10.995574 0.000000
68.000000 10.995574 0.000000
69.000000 10.995574 0.000000
70.000000 10.995574 0.000000
71.000000 10.995574 0.000000
72.000000 10.995574 0.000000
73.000000 10.995574 0.000000
74.000000 10.995574 0.000000
75.000000 10.995574 0.000000
76.000000 10.995574 0.000000
77.000000 10.995574 0.000000
78.000000 10.995574 0.000000
79.000000 10.995574 0.000000
80.000000 10.995574 0.000000
81.000000 10.995574 0.000000
82.000000 10.995574 0.000000
83.000000 10.995574 0.000000
84.000000 10.995574 0.000000
85.000000 10.995574 0.000000
86.000000 10.995574 0.000000
87.000000 10.995574 0.000000
88.000000 10.995574 0.000000
89.000000 10.995574 0.000000
90.000000 10.995574 0.000000
91.000000 10.995574 0.000000
92.000000 10.995574 0.000000
93.000000 10.995574 0.000000
94.000000 10.995574 0.000000
95.000000 10.995574 0.000000
96.000000 10.995574 0.000000
97.000000 10.995574 0.000000
98.000000 10.995574 0.000000
99.000000 10.995574 0.000000
100.000000 10.995574 0.000000
101.000000 10.995574 0.000000
102.000000 10.995574 0.000000
103.000000 10.995574 0.000000
104.000000 10.995574 0.000000
105.000000 10.995574 0.000000
106.000000 10.995574 0.000000
107.000000 10.995574 0.000000
108.000000 10.995574 0.000000
109.000000 10.995574 0.000000
110.000000 10.995574 0.000000
111.000000 10.995574 0.000000
112.000000 10.995574 0.000000
113.000000 10.995574 0.000000
114.000000 10.995574 0.000000
115.000000 10.995574 0.000000
116.000000 10.995574 0.000000
117.000000 10.995574 0.000000
118.000000 10.995574 0.000000
119.000000 10.995574 0.000000
120.000000 10.995574 0.000000
121.000000 10.995574 0.000000
122.000000 10.995574 0.000000
123.000000 10.995574 0.000000
124.000000 10.995574 0.000000
125.000000 10.995574 0.000000
126.000000 10.995574 0.000000
127.000000 10.995574 0.000000
128.000000 10.995574 0.000000
129.000000 10.995574 0.000000
130.000000 10.995574 0.000000
131.000000 10.995574 0.000000
132.000000 10.995574 0.000000
133.000000 10.995574 0.000000
134.000000 10.995574 0.000000
135.000000 10.995574 0.000000
136.000000 10.995574 0.000000
137.000000 10.995574 0.000000
138.000000 10.995574 0.000000
139.000000 10.995574 0.000000
140.000000 10.995574 0.000000
141.000000 10.995574 0.000000
142.000000 10.995574 0.000000
143.000000 10.995574 0.000000
144.000000 10.995574 0.000000
145.000000 10.995574 0.000000
146.000000 10.995574 0.000000
147.000000 10.995574 0.000000
148.000000 10.995574 0.000000
149.000000 10.995574 0.000000
150.000000 10.995574 0.000000
151.000000 10.995574 0.000000
152.000000 10.995574 0.000000
153.000000 10.995574 0.000000
154.000000 10.995574 0.000000
155.000000 10.995574 0.000000
156.000000 10.995574 0.000000
157.000000 10.995574 0.000000
158.000000 10.995574 0.000000
159.000000 10.995574 0.000000
160.000000 10.995574 0.000000
161.000000 10.995574 0.000000
162.000000 10.995574 0.000000
163.000000 10.995574 0.000000
164.000000 10.995574 0.000000
165.000000 10.995574 0.000000
166.000000 10.995574 0.000000
167.000000 10.995574 0.000000
168.000000 10.995574 0.000000
169.000000 10.995574 0.000000
170.000000 10.995574 0.000000
171.000000 10.995574 0.000000
172.000000 10.995574 0.000000
173.000000 10.995574 0.000000
174.000000 10.995574 0.000000
175.000000 10.995574 0.000000
176.000000 10.995574 0.000000
177.000000 10.995574 0.000000
178.000000 10.995574 0.000000
179.000000 10.995574 0.000000
180.000000 10.995574 0.000000
181.000000 10.995574 0.000000
182.000000 10.995574 0.000000
183.000000 10.995574 0.000000
184.000000 10.995574 0.000000
185.000000 10.995574 0.000000
186.000000 10.995574 0.000000
187.000000 10.995574 0.000000
188.000000 10.995574 0.000000
189.000000 10.995574 0.000000
190.000000 10.995574 0.000000
191.000000 10.995574 0.000000
192.000000 10.995574 0.000000
193.000000 10.995574 0.000000
194.000000 10.995574 0.000000
195.000000 10.995574 0.000000
196.000000 10.995574 0.000000
197.000000 10.995574 0.000000
198.000000 10.995574 0.000000
199.000000 10.995574 0.000000
200.000000 10.995574 0.000000
