-200.000000 17.592919 0.000000
-199.000000 17.592919 0.000000
-198.000000 17.592919 0.000000
-197.000000 17.592919 0.000000
-196.000000 17.592919 0.000000
-195.000000 17.592919 0.000000
-194.000000 17.592919 0.000000
-193.000000 17.592919 0.000000
-192.000000 17.592919 0.000000
-191.000000 17.592919 0.000000
-190.000000 17.592919 0.000000
-189.000000 17.592919 0.000000
-188.000000 17.592919 0.000000
-187.000000 17.592919 0.000000
-186.000000 17.592919 0.000000
-185.000000 17.592919 0.000000
-184.000000 17.592919 0.000000
-183.000000 17.592919 0.000000
-182.000000 17.592919 0.000000
-181.000000 17.592919 0.000000
-180.000000 17.592919 0.000000
-179.000000 17.592919 0.000000
-178.000000 17.592919 0.000000
-177.000000 17.592919 0.000000
-176.000000 17.592919 0.000000
-175.000000 17.592919 0.000000
-174.000000 17.592919 0.000000
-173.000000 17.592919 0.000000
-172.000000 17.592919 0.000000
-171.000000 17.592919 0.000000
-170.000000 17.592919 0.000000
-169.000000 17.592919 0.000000
-168.000000 17.592919 0.000000
-167.000000 17.592919 0.000000
-166.000000 17.592919 0.000000
-165.000000 17.592919 0.000000
-164.000000 17.592919 0.000000
-163.000000 17.592919 0.000000
-162.000000 17.592919 0.000000
-161.000000 17.592919 0.000000
-160.000000 17.592919 0.000000
-159.000000 17.592919 0.000000
-158.000000 17.592919 0.000000
-157.000000 17.592919 0.000000
-156.000000 17.592919 0.000000
-155.000000 17.592919 0.000000
-154.000000 17.592919 0.000000
-153.000000 17.592919 0.000000
-152.000000 17.592919 0.000000
-151.000000 17.592919 0.000000
-150.000000 17.592919 0.000000
-149.000000 17.592919 0.000000
-148.000000 17.592919 0.000000
-147.000000 17.592919 0.000000
-146.000000 17.592919 0.000000
-145.000000 17.592919 0.000000
-144.000000 17.592919 0.000000
-143.000000 17.592919 0.000000
-142.000000 17.592919 0.000000
-141.000000 17.592919 0.000000
-140.000000 17.592919 0.000000
-139.000000 17.592919 0.000000
-138.000000 17.592919 0.000000
-137.000000 17.592919 0.000000
-136.000000 17.592919 0.000000
-135.000000 17.592919 0.000000
-134.000000 17.592919 0.000000
-133.000000 17.592919 0.000000
-132.000000 17.592919 0.000000
-131.000000 17.592919 0.000000
-130.000000 17.592919 0.000000
-129.000000 17.592919 0.000000
-128.000000 17.592919 0.000000
-127.000000 17.592919 0.000000
-126.000000 17.592919 0.000000
-125.000000 17.592919 0.000000
-124.000000 17.592919 0.000000
-123.000000 17.592919 0.000000
-122.000000 17.592919 0.000000
-121.000000 17.592919 0.000000
-120.000000 17.592919 0.000000
-119.000000 17.592919 0.000000
-118.000000 17.592919 0.000000
-117.000000 17.592919 0.000000
-116.000000 17.592919 0.000000
-115.000000 17.592919 0.000000
-114.000000 17.592919 0.000000
-113.000000 17.592919 0.000000
-112.000000 17.592919 0.000000
-111.000000 17.592919 0.000000
-110.000000 17.592919 0.000000
-109.000000 17.592919 0.000000
-108.000000 17.592919 0.000000
-107.000000 17.592919 0.000000
-106.000000 17.592919 0.000000
-105.000000 17.592919 0.000000
-104.000000 17.592919 0.000000
-103.000000 17.592919 0.000000
-102.000000 17.592919 0.000000
-101.000000 17.592919 0.000000
-100.000000 17.592919 0.000000
-99.000000 17.592919 0.000000
-98.000000 17.592919 0.000000
-97.000000 17.592919 0.000000
-96.000000 17.592919 0.000000
-95.000000 17.592919 0.000000
-94.000000 17.592919 0.000000
-93.000000 17.592919 0.000000
-92.000000 17.592919 0.000000
-91.000000 17.592919 0.000000
-90.000000 17.592919 0.000000
-89.000000 17.592919 0.000000
-88.000000 17.592919 0.000000
-87.000000 17.592919 0.000000
-86.000000 17.592919 0.000000
-85.000000 17.592919 0.000000
-84.000000 17.592919 0.000000
-83.000000 17.592919 0.000000
-82.000000 17.592919 0.000000
-81.000000 17.592919 0.000000
-80.000000 17.592919 0.000000
-79.000000 17.592919 0.000000
-78.000000 17.592919 0.000000
-77.000000 17.592919 0.000000
-76.000000 17.592919 0.000000
-75.000000 17.592919 0.000000
-74.000000 17.592919 0.000000
-73.000000 17.592919 0.000000
-72.000000 17.592919 0.000000
-71.000000 17.592919 0.000000
-70.000000 17.592919 0.000000
-69.000000 17.592919 0.000000
-68.000000 17.592919 0.000000
-67.000000 17.592919 0.000000
-66.000000 17.592919 0.000000
-65.000000 17.592919 0.000000
-64.000000 17.592919 0.000000
-63.000000 17.592919 0.000000
-62.000000 17.592919 0.000000
-61.000000 17.592919 0.000000
-60.000000 17.592919 0.000000
-59.000000 17.592919 0.000000
-58.000000 17.592919 0.000000
-57.000000 17.592919 0.000000
-56.000000 17.592919 0.000000
-55.000000 17.592919 0.000000
-54.000000 17.592919 0.000000
-53.000000 17.592919 0.000000
-52.000000 17.592919 0.000000
-51.000000 17.592919 0.000000
-50.000000 17.592919 0.000000
-49.000000 17.592919 0.000000
-48.000000 17.592919 0.000000
-47.000000 17.592919 0.000000
-46.000000 17.592919 0.000000
-45.000000 17.592919 0.000000
-44.000000 17.592919 0.000000
-43.000000 17.592919 0.000000
-42.000000 17.592919 0.000002
-41.000000 17.592919 0.000036
-40.000000 17.592919 0.000435
-39.000000 17.592919 0.003696
-38.000000 17.592919 0.021188
-37.000000 17.592919 0.076622
-36.000000 17.592919 0.161142
-35.000000 17.592919 0.196712
-34.000000 17.592919 0.213279
-33.000000 17.592919 0.249053
-32.000000 17.592919 0.258039
-31.000000 17.592919 0.300791
-30.000000 17.592919 0.305875
-29.000000 17.592919 0.331921
-28.000000 17.592919 0.345464
-27.000000 17.592919 0.367326
-26.000000 17.592919 0.396701
-25.000000 17.592919 0.413000
-24.000000 17.592919 0.453316
-23.000000 17.592919 0.471281
-22.000000 17.592919 0.477674
-21.000000 17.592919 0.506925
-20.000000 17.592919 0.493815
-19.000000 17.592919 0.542980
-18.000000 17.592919 0.528615
-17.000000 17.592919 0.601457
-16.000000 17.592919 0.560751
-15.000000 17.592919 0.618157
-14.000000 17.592919 0.619248
-13.000000 17.592919 0.652934
-12.000000 17.592919 0.651954
-11.000000 17.592919 0.649201
-10.000000 17.592919 0.706780
-9.000000 17.592919 0.662775
-8.000000 17.592919 0.761894
-7.000000 17.592919 0.772788
-6.000000 17.592919 0.814135
-5.000000 17.592919 0.837398
-4.000000 17.592919 0.842360
-3.000000 17.592919 0.900193
-2.000000 17.592919 1.021373
-1.000000 17.592919 0.986908
0.000000 17.592919 1.012773
1.000000 17.592919 1.007439
2.000000 17.592919 0.965752
3.000000 17.592919 0.853844
4.000000 17.592919 0.817329
5.000000 17.592919 0.826206
6.000000 17.592919 0.785413
7.000000 17.592919 0.732213
8.000000 17.592919 0.660467
9.000000 17.592919 0.741506
10.000000 17.592919 0.706993
11.000000 17.592919 0.690910
12.000000 17.592919 0.664832
13.000000 17.592919 0.605704
14.000000 17.592919 0.623140
15.000000 17.592919 0.535326
16.000000 17.592919 0.594958
17.000000 17.592919 0.537430
18.000000 17.592919 0.576636
19.000000 17.592919 0.489035
20.000000 17.592919 0.496180
21.000000 17.592919 0.463615
22.000000 17.592919 0.469712
23.000000 17.592919 0.420465
24.000000 17.592919 0.395591
25.000000 17.592919 0.384054
26.000000 17.592919 0.389798
27.000000 17.592919 0.364615
28.000000 17.592919 0.333558
29.000000 17.592919 0.320978
30.000000 17.592919 0.281105
31.000000 17.592919 0.245729
32.000000 17.592919 0.236466
33.000000 17.592919 0.204644
34.000000 17.592919 0.192533
35.000000 17.592919 0.157299
36.000000 17.592919 0.074717
37.000000 17.592919 0.020698
38.000000 17.592919 0.003620
39.000000 17.592919 0.000428
40.000000 17.592919 0.000036
41.000000 17.592919 0.000002
42.000000 17.592919 0.000000
43.000000 17.592919 0.000000
44.000000 17.592919 0.000000
45.000000 17.592919 0.000000
46.000000 17.592919 0.000000
47.000000 17.592919 0.000000
48.000000 17.592919 0.000000
49.000000 17.592919 0.000000
50.000000 17.592919 0.000000
51.000000 17.592919 0.000000
52.000000 17.592919 0.000000
53.000000 17.592919 0.000000
54.000000 17.592919 0.000000
55.000000 17.592919 0.000000
56.000000 17.592919 0.000000
57.000000 17.592919 0.000000
58.000000 17.592919 0.000000
59.000000 17.592919 0.000000
60.000000 17.592919 0.000000
61.000000 17.592919 0.000000
62.000000 17.592919 0.000000
63.000000 17.592919 0.000000
64.000000 17.592919 0.000000
65.000000 17.592919 0.000000
66.000000 17.592919 0.000000
67.000000 17.592919 0.000000
68.000000 17.592919 0.000000
69.000000 17.592919 0.000000
70.000000 17.592919 0.000000
71.000000 17.592919 0.000000
72.000000 17.592919 0.000000
73.000000 17.592919 0.000000
74.000000 17.592919 0.000000
75.000000 17.592919 0.000000
76.000000 17.592919 0.000000
77.000000 17.592919 0.000000
78.000000 17.592919 0.000000
79.000000 17.592919 0.000000
80.000000 17.592919 0.000000
81.000000 17.592919 0.000000
82.000000 17.592919 0.000000
83.000000 17.592919 0.000000
84.000000 17.592919 0.000000
85.000000 17.592919 0.000000
86.000000 17.592919 0.000000
87.000000 17.592919 0.000000
88.000000 17.592919 0.000000
89.000000 17.592919 0.000000
90.000000 17.592919 0.000000
91.000000 17.592919 0.000000
92.000000 17.592919 0.000000
93.000000 17.592919 0.000000
94.000000 17.592919 0.000000
95.000000 17.592919 0.000000
96.000000 17.592919 0.000000
97.000000 17.592919 0.000000
98.000000 17.592919 0.000000
99.000000 17.592919 0.000000
100.000000 17.592919 0.000000
101.000000 17.592919 0.000000
102.000000 17.592919 0.000000
103.000000 17.592919 0.000000
104.000000 17.592919 0.000000
105.000000 17.592919 0.000000
106.000000 17.592919 0.000000
107.000000 17.592919 0.000000
108.000000 17.592919 0.000000
109.000000 17.592919 0.000000
110.000000 17.592919 0.000000
111.000000 17.592919 0.000000
112.000000 17.592919 0.000000
113.000000 17.592919 0.000000
114.000000 17.592919 0.000000
115.000000 17.592919 0.000000
116.000000 17.592919 0.000000
117.000000 17.592919 0.000000
118.000000 17.592919 0.000000
119.000000 17.592919 0.000000
120.000000 17.592919 0.000000
121.000000 17.592919 0.000000
122.000000 17.592919 0.000000
123.000000 17.592919 0.000000
124.000000 17.592919 0.000000
125.000000 17.592919 0.000000
126.000000 17.592919 0.000000
127.000000 17.592919 0.000000
128.000000 17.592919 0.000000
129.000000 17.592919 0.000000
130.000000 17.592919 0.000000
131.000000 17.592919 0.000000
132.000000 17.592919 0.000000
133.000000 17.592919 0.000000
134.000000 17.592919 0.000000
135.000000 17.592919 0.000000
136.000000 17.592919 0.000000
137.000000 17.592919 0.000000
138.000000 17.592919 0.000000
139.000000 17.592919 0.000000
140.000000 17.592919 0.000000
141.000000 17.592919 0.000000
142.000000 17.592919 0.000000
143.000000 17.592919 0.000000
144.000000 17.592919 0.000000
145.000000 17.592919 0.000000
146.000000 17.592919 0.000000
147.000000 17.592919 0.000000
148.000000 17.592919 0.000000
149.000000 17.592919 0.000000
150.000000 17.592919 0.000000
151.000000 17.592919 0.000000
152.000000 17.592919 0.000000
153.000000 17.592919 0.000000
154.000000 17.592919 0.000000
155.000000 17.592919 0.000000
156.000000 17.592919 0.000000
157.000000 17.592919 0.000000
158.000000 17.592919 0.000000
159.000000 17.592919 0.000000
160.000000 17.592919 0.000000
161.000000 17.592919 0.000000
162.000000 17.592919 0.000000
163.000000 17.592919 0.000000
164.000000 17.592919 0.000000
165.000000 17.592919 0.000000
166.000000 17.592919 0.000000
167.000000 17.592919 0.000000
168.000000 17.592919 0.000000
169.000000 17.592919 0.000000
170.000000 17.592919 0.000000
171.000000 17.592919 0.000000
172.000000 17.592919 0.000000
173.000000 17.592919 0.000000
174.000000 17.592919 0.000000
175.000000 17.592919 0.000000
176.000000 17.592919 0.000000
177.000000 17.592919 0.000000
178.000000 17.592919 0.000000
179.000000 17.592919 0.000000
180.000000 17.592919 0.000000
181.000000 17.592919 0.000000
182.000000 17.592919 0.000000
183.000000 17.592919 0.000000
184.000000 17.592919 0.000000
185.000000 17.592919 0.000000
186.000000 17.592919 0.000000
187.000000 17.592919 0.000000
188.000000 17.592919 0.000000
189.000000 17.592919 0.000000
190.000000 17.592919 0.000000
191.000000 17.592919 0.000000
192.000000 17.592919 0.000000
193.000000 17.592919 0.000000
194.000000 17.592919 0.000000
195.000000 17.592919 0.000000
196.000000 17.592919 0.000000
197.000000 17.592919 0.000000
198.000000 17.592919 0.000000
199.000000 17.592919 0.000000
200.000000 17.592919 0.000000
