-200.000000 27.646015 0.000000
-199.000000 27.646015 0.000000
-198.000000 27.646015 0.000000
-197.000000 27.646015 0.000000
-196.000000 27.646015 0.000000
-195.000000 27.646015 0.000000
-194.000000 27.646015 0.000000
-193.000000 27.646015 0.000000
-192.000000 27.646015 0.000000
-191.000000 27.646015 0.000000
-190.000000 27.646015 0.000000
-189.000000 27.646015 0.000000
-188.000000 27.646015 0.000000
-187.000000 27.646015 0.000000
-186.000000 27.646015 0.000000
-185.000000 27.646015 0.000000
-184.000000 27.646015 0.000000
-183.000000 27.646015 0.000000
-182.000000 27.646015 0.000000
-181.000000 27.646015 0.000000
-180.000000 27.646015 0.000000
-179.000000 27.646015 0.000000
-178.000000 27.646015 0.000000
-177.000000 27.646015 0.000000
-176.000000 27.646015 0.000000
-175.000000 27.646015 0.000000
-174.000000 27.646015 0.000000
-173.000000 27.646015 0.000000
-172.000000 27.646015 0.000000
-171.000000 27.646015 0.000000
-170.000000 27.646015 0.000000
-169.000000 27.646015 0.000000
-168.000000 27.646015 0.000000
-167.000000 27.646015 0.000000
-166.000000 27.646015 0.000000
-165.000000 27.646015 0.000000
-164.000000 27.646015 0.000000
-163.000000 27.646015 0.000000
-162.000000 27.646015 0.000000
-161.000000 27.646015 0.000000
-160.000000 27.646015 0.000000
-159.000000 27.646015 0.000000
-158.000000 27.646015 0.000000
-157.000000 27.646015 0.000000
-156.000000 27.646015 0.000000
-155.000000 27.646015 0.000000
-154.000000 27.646015 0.000000
-153.000000 27.646015 0.000000
-152.000000 27.646015 0.000000
-151.000000 27.646015 0.000000
-150.000000 27.646015 0.000000
-149.000000 27.646015 0.000000
-148.000000 27.646015 0.000000
-147.000000 27.646015 0.000000
-146.000000 27.646015 0.000000
-145.000000 27.646015 0.000000
-144.000000 27.646015 0.000000
-143.000000 27.646015 0.000000
-142.000000 27.646015 0.000000
-141.000000 27.646015 0.000000
-140.000000 27.646015 0.000000
-139.000000 27.646015 0.000000
-138.000000 27.646015 0.000000
-137.000000 27.646015 0.000000
-136.000000 27.646015 0.000000
-135.000000 27.646015 0.000000
-134.000000 27.646015 0.000000
-133.000000 27.646015 0.000000
-132.000000 27.646015 0.000000
-131.000000 27.646015 0.000000
-130.000000 27.646015 0.000000
-129.000000 27.646015 0.000000
-128.000000 27.646015 0.000000
-127.000000 27.646015 0.000000
-126.000000 27.646015 0.000000
-125.000000 27.646015 0.000000
-124.000000 27.646015 0.000000
-123.000000 27.646015 0.000000
-122.000000 27.646015 0.000000
-121.000000 27.646015 0.000000
-120.000000 27.646015 0.000000
-119.000000 27.646015 0.000000
-118.000000 27.646015 0.000000
-117.000000 27.646015 0.000000
-116.000000 27.646015 0.000000
-115.000000 27.646015 0.000000
-114.000000 27.646015 0.000000
-113.000000 27.646015 0.000000
-112.000000 27.646015 0.000000
-111.000000 27.646015 0.000000
-110.000000 27.646015 0.000000
-109.000000 27.646015 0.000000
-108.000000 27.646015 0.000000
-107.000000 27.646015 0.000000
-106.000000 27.646015 0.000000
-105.000000 27.646015 0.000000
-104.000000 27.646015 0.000000
-103.000000 27.646015 0.000000
-102.000000 27.646015 0.000000
-101.000000 27.646015 0.000000
-100.000000 27.646015 0.000000
-99.000000 27.646015 0.000000
-98.000000 27.646015 0.000000
-97.000000 27.646015 0.000000
-96.000000 27.646015 0.000000
-95.000000 27.646015 0.000000
-94.000000 27.646015 0.000000
-93.000000 27.646015 0.000000
-92.000000 27.646015 0.000000
-91.000000 27.646015 0.000000
-90.000000 27.646015 0.000000
-89.000000 27.646015 0.000000
-88.000000 27.646015 0.000000
-87.000000 27.646015 0.000000
-86.000000 27.646015 0.000000
-85.000000 27.646015 0.000000
-84.000000 27.646015 0.000000
-83.000000 27.646015 0.000000
-82.000000 27.646015 0.000000
-81.000000 27.646015 0.000000
-80.000000 27.646015 0.000000
-79.000000 27.646015 0.000000
-78.000000 27.646015 0.000000
-77.000000 27.646015 0.000000
-76.000000 27.646015 0.000000
-75.000000 27.646015 0.000000
-74.000000 27.646015 0.000000
-73.000000 27.646015 0.000000
-72.000000 27.646015 0.000000
-71.000000 27.646015 0.000000
-70.000000 27.646015 0.000000
-69.000000 27.646015 0.000000
-68.000000 27.646015 0.000000
-67.000000 27.646015 0.000000
-66.000000 27.646015 0.000000
-65.000000 27.646015 0.000000
-64.000000 27.646015 0.000000
-63.000000 27.646015 0.000000
-62.000000 27.646015 0.000000
-61.000000 27.646015 0.000000
-60.000000 27.646015 0.000000
-59.000000 27.646015 0.000000
-58.000000 27.646015 0.000000
-57.000000 27.646015 0.000000
-56.000000 27.646015 0.000000
-55.000000 27.646015 0.000000
-54.000000 27.646015 0.000000
-53.000000 27.646015 0.000001
-52.000000 27.646015 0.000011
-51.000000 27.646015 0.000109
-50.000000 27.646015 0.000822
-49.000000 27.646015 0.004731
-48.000000 27.646015 0.020147
-47.000000 27.646015 0.060777
-46.000000 27.646015 0.123371
-45.000000 27.646015 0.164383
-44.000000 27.646015 0.168863
-43.000000 27.646015 0.193278
-42.000000 27.646015 0.211611
-41.000000 27.646015 0.227359
-40.000000 27.646015 0.251961
-39.000000 27.646015 0.252099
-38.000000 27.646015 0.279033
-37.000000 27.646015 0.283044
-36.000000 27.646015 0.308338
-35.000000 27.646015 0.327080
-34.000000 27.646015 0.337882
-33.000000 27.646015 0.362789
-32.000000 27.646015 0.362189
-31.000000 27.646015 0.382933
-30.000000 27.646015 0.375503
-29.000000 27.646015 0.380007
-28.000000 27.646015 0.417012
-27.000000 27.646015 0.439755
-26.000000 27.646015 0.448582
-25.000000 27.646015 0.440740
-24.000000 27.646015 0.441688
-23.000000 27.646015 0.462646
-22.000000 27.646015 0.458347
-21.000000 27.646015 0.482203
-20.000000 27.646015 0.492272
-19.000000 27.646015 0.488302
-18.000000 27.646015 0.530629
-17.000000 27.646015 0.514751
-16.000000 27.646015 0.576626
-15.000000 27.646015 0.561265
-14.000000 27.646015 0.581904
-13.000000 27.646015 0.587677
-12.000000 27.646015 0.577445
-11.000000 27.646015 0.610953
-10.000000 27.646015 0.598128
-9.000000 27.646015 0.620624
-8.000000 27.646015 0.584984
-7.000000 27.646015 0.557673
-6.000000 27.646015 0.553957
-5.000000 27.646015 0.568286
-4.000000 27.646015 0.567864
-3.000000 27.646015 0.520861
-2.000000 27.646015 0.491343
-1.000000 27.646015 0.508426
0.000000 27.646015 0.495683
1.000000 27.646015 0.522612
2.000000 27.646015 0.535204
3.000000 27.646015 0.533692
4.000000 27.646015 0.514634
5.000000 27.646015 0.518154
6.000000 27.646015 0.548463
7.000000 27.646015 0.635967
8.000000 27.646015 0.611453
9.000000 27.646015 0.626820
10.000000 27.646015 0.584995
11.000000 27.646015 0.576637
12.000000 27.646015 0.561590
13.000000 27.646015 0.585162
14.000000 27.646015 0.558635
15.000000 27.646015 0.554333
16.000000 27.646015 0.560167
17.000000 27.646015 0.534066
18.000000 27.646015 0.493327
19.000000 27.646015 0.507572
20.000000 27.646015 0.480290
21.000000 27.646015 0.474051
22.000000 27.646015 0.468816
23.000000 27.646015 0.484226
24.000000 27.646015 0.419321
25.000000 27.646015 0.441867
26.000000 27.646015 0.428275
27.000000 27.646015 0.420173
28.000000 27.646015 0.392019
29.000000 27.646015 0.395180
30.000000 27.646015 0.377425
31.000000 27.646015 0.351311
32.000000 27.646015 0.325619
33.000000 27.646015 0.332085
34.000000 27.646015 0.325926
35.000000 27.646015 0.302896
36.000000 27.646015 0.298227
37.000000 27.646015 0.280164
38.000000 27.646015 0.265871
39.000000 27.646015 0.246548
40.000000 27.646015 0.211131
41.000000 27.646015 0.200081
42.000000 27.646015 0.184173
43.000000 27.646015 0.164435
44.000000 27.646015 0.161583
45.000000 27.646015 0.121085
46.000000 27.646015 0.059569
47.000000 27.646015 0.019748
48.000000 27.646015 0.004641
49.000000 27.646015 0.000808
50.000000 27.646015 0.000108
51.000000 27.646015 0.000011
52.000000 27.646015 0.000001
53.000000 27.646015 0.000000
54.000000 27.646015 0.000000
55.000000 27.646015 0.000000
56.000000 27.646015 0.000000
57.000000 27.646015 0.000000
58.000000 27.646015 0.000000
59.000000 27.646015 0.000000
60.000000 27.646015 0.000000
61.000000 27.646015 0.000000
62.000000 27.646015 0.000000
63.000000 27.646015 0.000000
64.000000 27.646015 0.000000
65.000000 27.646015 0.000000
66.000000 27.646015 0.000000
67.000000 27.646015 0.000000
68.000000 27.646015 0.000000
69.000000 27.646015 0.000000
70.000000 27.646015 0.000000
71.000000 27.646015 0.000000
72.000000 27.646015 0.000000
73.000000 27.646015 0.000000
74.000000 27.646015 0.000000
75.000000 27.646015 0.000000
76.000000 27.646015 0.000000
77.000000 27.646015 0.000000
78.000000 27.646015 0.000000
79.000000 27.646015 0.000000
80.000000 27.646015 0.000000
81.000000 27.646015 0.000000
82.000000 27.646015 0.000000
83.000000 27.646015 0.000000
84.000000 27.646015 0.000000
85.000000 27.646015 0.000000
86.000000 27.646015 0.000000
87.000000 27.646015 0.000000
88.000000 27.646015 0.000000
89.000000 27.646015 0.000000
90.000000 27.646015 0.000000
91.000000 27.646015 0.000000
92.000000 27.646015 0.000000
93.000000 27.646015 0.000000
94.000000 27.646015 0.000000
95.000000 27.646015 0.000000
96.000000 27.646015 0.000000
97.000000 27.646015 0.000000
98.000000 27.646015 0.000000
99.000000 27.646015 0.000000
100.000000 27.646015 0.000000
101.000000 27.646015 0.000000
102.000000 27.646015 0.000000
103.000000 27.646015 0.000000
104.000000 27.646015 0.000000
105.000000 27.646015 0.000000
106.000000 27.646015 0.000000
107.000000 27.646015 0.000000
108.000000 27.646015 0.000000
109.000000 27.646015 0.000000
110.000000 27.646015 0.000000
111.000000 27.646015 0.000000
112.000000 27.646015 0.000000
113.000000 27.646015 0.000000
114.000000 27.646015 0.000000
115.000000 27.646015 0.000000
116.000000 27.646015 0.000000
117.000000 27.646015 0.000000
118.000000 27.646015 0.000000
119.000000 27.646015 0.000000
120.000000 27.646015 0.000000
121.000000 27.646015 0.000000
122.000000 27.646015 0.000000
123.000000 27.646015 0.000000
124.000000 27.646015 0.000000
125.000000 27.646015 0.000000
126.000000 27.646015 0.000000
127.000000 27.646015 0.000000
128.000000 27.646015 0.000000
129.000000 27.646015 0.000000
130.000000 27.646015 0.000000
131.000000 27.646015 0.000000
132.000000 27.646015 0.000000
133.000000 27.646015 0.000000
134.000000 27.646015 0.000000
135.000000 27.646015 0.000000
136.000000 27.646015 0.000000
137.000000 27.646015 0.000000
138.000000 27.646015 0.000000
139.000000 27.646015 0.000000
140.000000 27.646015 0.000000
141.000000 27.646015 0.000000
142.000000 27.646015 0.000000
143.000000 27.646015 0.000000
144.000000 27.646015 0.000000
145.000000 27.646015 0.000000
146.000000 27.646015 0.000000
147.000000 27.646015 0.000000
148.000000 27.646015 0.000000
149.000000 27.646015 0.000000
150.000000 27.646015 0.000000
151.000000 27.646015 0.000000
152.000000 27.646015 0.000000
153.000000 27.646015 0.000000
154.000000 27.646015 0.000000
155.000000 27.646015 0.000000
156.000000 27.646015 0.000000
157.000000 27.646015 0.000000
158.000000 27.646015 0.000000
159.000000 27.646015 0.000000
160.000000 27.646015 0.000000
161.000000 27.646015 0.000000
162.000000 27.646015 0.000000
163.000000 27.646015 0.000000
164.000000 27.646015 0.000000
165.000000 27.646015 0.000000
166.000000 27.646015 0.000000
167.000000 27.646015 0.000000
168.000000 27.646015 0.000000
169.000000 27.646015 0.000000
170.000000 27.646015 0.000000
171.000000 27.646015 0.000000
172.000000 27.646015 0.000000
173.000000 27.646015 0.000000
174.000000 27.646015 0.000000
175.000000 27.646015 0.000000
176.000000 27.646015 0.000000
177.000000 27.646015 0.000000
178.000000 27.646015 0.000000
179.000000 27.646015 0.000000
180.000000 27.646015 0.000000
181.000000 27.646015 0.000000
182.000000 27.646015 0.000000
183.000000 27.646015 0.000000
184.000000 27.646015 0.000000
185.000000 27.646015 0.000000
186.000000 27.646015 0.000000
187.000000 27.646015 0.000000
188.000000 27.646015 0.000000
189.000000 27.646015 0.000000
190.000000 27.646015 0.000000
191.000000 27.646015 0.000000
192.000000 27.646015 0.000000
193.000000 27.646015 0.000000
194.000000 27.646015 0.000000
195.000000 27.646015 0.000000
196.000000 27.646015 0.000000
197.000000 27.646015 0.000000
198.000000 27.646015 0.000000
199.000000 27.646015 0.000000
200.000000 27.646015 0.000000
