-200.000000 32.672564 0.000000
-199.000000 32.672564 0.000000
-198.000000 32.672564 0.000000
-197.000000 32.672564 0.000000
-196.000000 32.672564 0.000000
-195.000000 32.672564 0.000000
-194.000000 32.672564 0.000000
-193.000000 32.672564 0.000000
-192.000000 32.672564 0.000000
-191.000000 32.672564 0.000000
-190.000000 32.672564 0.000000
-189.000000 32.672564 0.000000
-188.000000 32.672564 0.000000
-187.000000 32.672564 0.000000
-186.000000 32.672564 0.000000
-185.000000 32.672564 0.000000
-184.000000 32.672564 0.000000
-183.000000 32.672564 0.000000
-182.000000 32.672564 0.000000
-181.000000 32.672564 0.000000
-180.000000 32.672564 0.000000
-179.000000 32.672564 0.000000
-178.000000 32.672564 0.000000
-177.000000 32.672564 0.000000
-176.000000 32.672564 0.000000
-175.000000 32.672564 0.000000
-174.000000 32.672564 0.000000
-173.000000 32.672564 0.000000
-172.000000 32.672564 0.000000
-171.000000 32.672564 0.000000
-170.000000 32.672564 0.000000
-169.000000 32.672564 0.000000
-168.000000 32.672564 0.000000
-167.000000 32.672564 0.000000
-166.000000 32.672564 0.000000
-165.000000 32.672564 0.000000
-164.000000 32.672564 0.000000
-163.000000 32.672564 0.000000
-162.000000 32.672564 0.000000
-161.000000 32.672564 0.000000
-160.000000 32.672564 0.000000
-159.000000 32.672564 0.000000
-158.000000 32.672564 0.000000
-157.000000 32.672564 0.000000
-156.000000 32.672564 0.000000
-155.000000 32.672564 0.000000
-154.000000 32.672564 0.000000
-153.000000 32.672564 0.000000
-152.000000 32.672564 0.000000
-151.000000 32.672564 0.000000
-150.000000 32.672564 0.000000
-149.000000 32.672564 0.000000
-148.000000 32.672564 0.000000
-147.000000 32.672564 0.000000
-146.000000 32.672564 0.000000
-145.000000 32.672564 0.000000
-144.000000 32.672564 0.000000
-143.000000 32.672564 0.000000
-142.000000 32.672564 0.000000
-141.000000 32.672564 0.000000
-140.000000 32.672564 0.000000
-139.000000 32.672564 0.000000
-138.000000 32.672564 0.000000
-137.000000 32.672564 0.000000
-136.000000 32.672564 0.000000
-135.000000 32.672564 0.000000
-134.000000 32.672564 0.000000
-133.000000 32.672564 0.000000
-132.000000 32.672564 0.000000
-131.000000 32.672564 0.000000
-130.000000 32.672564 0.000000
-129.000000 32.672564 0.000000
-128.000000 32.672564 0.000000
-127.000000 32.672564 0.000000
-126.000000 32.672564 0.000000
-125.000000 32.672564 0.000000
-124.000000 32.672564 0.000000
-123.000000 32.672564 0.000000
-122.000000 32.672564 0.000000
-121.000000 32.672564 0.000000
-120.000000 32.672564 0.000000
-119.000000 32.672564 0.000000
-118.000000 32.672564 0.000000
-117.000000 32.672564 0.000000
-116.000000 32.672564 0.000000
-115.000000 32.672564 0.000000
-114.000000 32.672564 0.000000
-113.000000 32.672564 0.000000
-112.000000 32.672564 0.000000
-111.000000 32.672564 0.000000
-110.000000 32.672564 0.000000
-109.000000 32.672564 0.000000
-108.000000 32.672564 0.000000
-107.000000 32.672564 0.000000
-106.000000 32.672564 0.000000
-105.000000 32.672564 0.000000
-104.000000 32.672564 0.000000
-103.000000 32.672564 0.000000
-102.000000 32.672564 0.000000
-101.000000 32.672564 0.000000
-100.000000 32.672564 0.000000
-99.000000 32.672564 0.000000
-98.000000 32.672564 0.000000
-97.000000 32.672564 0.000000
-96.000000 32.672564 0.000000
-95.000000 32.672564 0.000000
-94.000000 32.672564 0.000000
-93.000000 32.672564 0.000000
-92.000000 32.672564 0.000000
-91.000000 32.672564 0.000000
-90.000000 32.672564 0.000000
-89.000000 32.672564 0.000000
-88.000000 32.672564 0.000000
-87.000000 32.672564 0.000000
-86.000000 32.672564 0.000000
-85.000000 32.672564 0.000000
-84.000000 32.672564 0.000000
-83.000000 32.672564 0.000000
-82.000000 32.672564 0.000000
-81.000000 32.672564 0.000000
-80.000000 32.672564 0.000000
-79.000000 32.672564 0.000000
-78.000000 32.672564 0.000000
-77.000000 32.672564 0.000000
-76.000000 32.672564 0.000000
-75.000000 32.672564 0.000000
-74.000000 32.672564 0.000000
-73.000000 32.672564 0.000000
-72.000000 32.672564 0.000000
-71.000000 32.672564 0.000000
-70.000000 32.672564 0.000000
-69.000000 32.672564 0.000000
-68.000000 32.672564 0.000000
-67.000000 32.672564 0.000000
-66.000000 32.672564 0.000000
-65.000000 32.672564 0.000000
-64.000000 32.672564 0.000000
-63.000000 32.672564 0.000000
-62.000000 32.672564 0.000000
-61.000000 32.672564 0.000000
-60.000000 32.672564 0.000000
-59.000000 32.672564 0.000000
-58.000000 32.672564 0.000002
-57.000000 32.672564 0.000019
-56.000000 32.672564 0.000156
-55.000000 32.672564 0.001009
-54.000000 32.672564 0.005122
-53.000000 32.672564 0.019804
-52.000000 32.672564 0.056174
-51.000000 32.672564 0.111920
-50.000000 32.672564 0.152675
-49.000000 32.672564 0.158293
-48.000000 32.672564 0.173521
-47.000000 32.672564 0.198001
-46.000000 32.672564 0.204965
-45.000000 32.672564 0.232286
-44.000000 32.672564 0.230528
-43.000000 32.672564 0.254508
-42.000000 32.672564 0.257862
-41.000000 32.672564 0.286527
-40.000000 32.672564 0.293979
-39.000000 32.672564 0.317989
-38.000000 32.672564 0.324664
-37.000000 32.672564 0.329555
-36.000000 32.672564 0.346769
-35.000000 32.672564 0.347503
-34.000000 32.672564 0.354898
-33.000000 32.672564 0.345124
-32.000000 32.672564 0.411941
-31.000000 32.672564 0.398359
-30.000000 32.672564 0.420672
-29.000000 32.672564 0.399739
-28.000000 32.672564 0.428400
-27.000000 32.672564 0.433167
-26.000000 32.672564 0.430179
-25.000000 32.672564 0.450445
-24.000000 32.672564 0.451811
-23.000000 32.672564 0.449032
-22.000000 32.672564 0.491830
-21.000000 32.672564 0.473418
-20.000000 32.672564 0.500412
-19.000000 32.672564 0.484437
-18.000000 32.672564 0.529431
-17.000000 32.672564 0.535624
-16.000000 32.672564 0.522318
-15.000000 32.672564 0.521381
-14.000000 32.672564 0.528108
-13.000000 32.672564 0.514144
-12.000000 32.672564 0.500671
-11.000000 32.672564 0.446358
-10.000000 32.672564 0.455815
-9.000000 32.672564 0.453857
-8.000000 32.672564 0.443650
-7.000000 32.672564 0.450502
-6.000000 32.672564 0.435971
-5.000000 32.672564 0.436572
-4.000000 32.672564 0.434298
-3.000000 32.672564 0.407569
-2.000000 32.672564 0.420768
-1.000000 32.672564 0.413631
0.000000 32.672564 0.417433
1.000000 32.672564 0.430508
2.000000 32.672564 0.413783
3.000000 32.672564 0.418997
4.000000 32.672564 0.419311
5.000000 32.672564 0.425915
6.000000 32.672564 0.428184
7.000000 32.672564 0.452562
8.000000 32.672564 0.428182
9.000000 32.672564 0.420344
10.000000 32.672564 0.428037
11.000000 32.672564 0.504766
12.000000 32.672564 0.498233
13.000000 32.672564 0.565760
14.000000 32.672564 0.511193
15.000000 32.672564 0.527575
16.000000 32.672564 0.519590
17.000000 32.672564 0.516480
18.000000 32.672564 0.510994
19.000000 32.672564 0.492478
20.000000 32.672564 0.523126
21.000000 32.672564 0.490033
22.000000 32.672564 0.453900
23.000000 32.672564 0.456164
24.000000 32.672564 0.459316
25.000000 32.672564 0.446428
26.000000 32.672564 0.436346
27.000000 32.672564 0.454669
28.000000 32.672564 0.400588
29.000000 32.672564 0.390978
30.000000 32.672564 0.403605
31.000000 32.672564 0.399238
32.000000 32.672564 0.367683
33.000000 32.672564 0.375462
34.000000 32.672564 0.345274
35.000000 32.672564 0.340428
36.000000 32.672564 0.311775
37.000000 32.672564 0.312586
38.000000 32.672564 0.305524
39.000000 32.672564 0.288319
40.000000 32.672564 0.286106
41.000000 32.672564 0.267418
42.000000 32.672564 0.256883
43.000000 32.672564 0.241628
44.000000 32.672564 0.223823
45.000000 32.672564 0.191698
46.000000 32.672564 0.187019
47.000000 32.672564 0.165908
48.000000 32.672564 0.154662
49.000000 32.672564 0.150235
50.000000 32.672564 0.109971
51.000000 32.672564 0.055112
52.000000 32.672564 0.019423
53.000000 32.672564 0.005026
54.000000 32.672564 0.000991
55.000000 32.672564 0.000153
56.000000 32.672564 0.000019
57.000000 32.672564 0.000002
58.000000 32.672564 0.000000
59.000000 32.672564 0.000000
60.000000 32.672564 0.000000
61.000000 32.672564 0.000000
62.000000 32.672564 0.000000
63.000000 32.672564 0.000000
64.000000 32.672564 0.000000
65.000000 32.672564 0.000000
66.000000 32.672564 0.000000
67.000000 32.672564 0.000000
68.000000 32.672564 0.000000
69.000000 32.672564 0.000000
70.000000 32.672564 0.000000
71.000000 32.672564 0.000000
72.000000 32.672564 0.000000
73.000000 32.672564 0.000000
74.000000 32.672564 0.000000
75.000000 32.672564 0.000000
76.000000 32.672564 0.000000
77.000000 32.672564 0.000000
78.000000 32.672564 0.000000
79.000000 32.672564 0.000000
80.000000 32.672564 0.000000
81.000000 32.672564 0.000000
82.000000 32.672564 0.000000
83.000000 32.672564 0.000000
84.000000 32.672564 0.000000
85.000000 32.672564 0.000000
86.000000 32.672564 0.000000
87.000000 32.672564 0.000000
88.000000 32.672564 0.000000
89.000000 32.672564 0.000000
90.000000 32.672564 0.000000
91.000000 32.672564 0.000000
92.000000 32.672564 0.000000
93.000000 32.672564 0.000000
94.000000 32.672564 0.000000
95.000000 32.672564 0.000000
96.000000 32.672564 0.000000
97.000000 32.672564 0.000000
98.000000 32.672564 0.000000
99.000000 32.672564 0.000000
100.000000 32.672564 0.000000
101.000000 32.672564 0.000000
102.000000 32.672564 0.000000
103.000000 32.672564 0.000000
104.000000 32.672564 0.000000
105.000000 32.672564 0.000000
106.000000 32.672564 0.000000
107.000000 32.672564 0.000000
108.000000 32.672564 0.000000
109.000000 32.672564 0.000000
110.000000 32.672564 0.000000
111.000000 32.672564 0.000000
112.000000 32.672564 0.000000
113.000000 32.672564 0.000000
114.000000 32.672564 0.000000
115.000000 32.672564 0.000000
116.000000 32.672564 0.000000
117.000000 32.672564 0.000000
118.000000 32.672564 0.000000
119.000000 32.672564 0.000000
120.000000 32.672564 0.000000
121.000000 32.672564 0.000000
122.000000 32.672564 0.000000
123.000000 32.672564 0.000000
124.000000 32.672564 0.000000
125.000000 32.672564 0.000000
126.000000 32.672564 0.000000
127.000000 32.672564 0.000000
128.000000 32.672564 0.000000
129.000000 32.672564 0.000000
130.000000 32.672564 0.000000
131.000000 32.672564 0.000000
132.000000 32.672564 0.000000
133.000000 32.672564 0.000000
134.000000 32.672564 0.000000
135.000000 32.672564 0.000000
136.000000 32.672564 0.000000
137.000000 32.672564 0.000000
138.000000 32.672564 0.000000
139.000000 32.672564 0.000000
140.000000 32.672564 0.000000
141.000000 32.672564 0.000000
142.000000 32.672564 0.000000
143.000000 32.672564 0.000000
144.000000 32.672564 0.000000
145.000000 32.672564 0.000000
146.000000 32.672564 0.000000
147.000000 32.672564 0.000000
148.000000 32.672564 0.000000
149.000000 32.672564 0.000000
150.000000 32.672564 0.000000
151.000000 32.672564 0.000000
152.000000 32.672564 0.000000
153.000000 32.672564 0.000000
154.000000 32.672564 0.000000
155.000000 32.672564 0.000000
156.000000 32.672564 0.000000
157.000000 32.672564 0.000000
158.000000 32.672564 0.000000
159.000000 32.672564 0.000000
160.000000 32.672564 0.000000
161.000000 32.672564 0.000000
162.000000 32.672564 0.000000
163.000000 32.672564 0.000000
164.000000 32.672564 0.000000
165.000000 32.672564 0.000000
166.000000 32.672564 0.000000
167.000000 32.672564 0.000000
168.000000 32.672564 0.000000
169.000000 32.672564 0.000000
170.000000 32.672564 0.000000
171.000000 32.672564 0.000000
172.000000 32.672564 0.000000
173.000000 32.672564 0.000000
174.000000 32.672564 0.000000
175.000000 32.672564 0.000000
176.000000 32.672564 0.000000
177.000000 32.672564 0.000000
178.000000 32.672564 0.000000
179.000000 32.672564 0.000000
180.000000 32.672564 0.000000
181.000000 32.672564 0.000000
182.000000 32.672564 0.000000
183.000000 32.672564 0.000000
184.000000 32.672564 0.000000
185.000000 32.672564 0.000000
186.000000 32.672564 0.000000
187.000000 32.672564 0.000000
188.000000 32.672564 0.000000
189.000000 32.672564 0.000000
190.000000 32.672564 0.000000
191.000000 32.672564 0.000000
192.000000 32.672564 0.000000
193.000000 32.672564 0.000000
194.000000 32.672564 0.000000
195.000000 32.672564 0.000000
196.000000 32.672564 0.000000
197.000000 32.672564 0.000000
198.000000 32.672564 0.000000
199.000000 32.672564 0.000000
200.000000 32.672564 0.000000
